# z cos(z) sin(z) linterp linterpInteg
0 1 0 1 0
0.02 0.9998 0.0199987 0.995103 0.019951
0.04 0.9992 0.0399893 0.990207 0.0398041
0.06 0.998201 0.059964 0.98531 0.0595593
0.08 0.996802 0.0799147 0.980413 0.0792165
0.1 0.995004 0.0998334 0.975517 0.0987758
0.12 0.992809 0.119712 0.97062 0.118237
0.14 0.990216 0.139543 0.965723 0.137601
0.16 0.987227 0.159318 0.960826 0.156866
0.18 0.983844 0.17903 0.95593 0.176034
0.2 0.980067 0.198669 0.951033 0.195103
0.22 0.975897 0.21823 0.946136 0.214075
0.24 0.971338 0.237703 0.94124 0.232949
0.26 0.96639 0.257081 0.936343 0.251725
0.28 0.961055 0.276356 0.931446 0.270402
0.3 0.955336 0.29552 0.92655 0.288982
0.32 0.949235 0.314567 0.921653 0.307464
0.34 0.942755 0.333487 0.916756 0.325849
0.36 0.935897 0.352274 0.911859 0.344135
0.38 0.928665 0.37092 0.906963 0.362323
0.4 0.921061 0.389418 0.902066 0.380413
0.42 0.913089 0.40776 0.897169 0.398406
0.44 0.904752 0.425939 0.892273 0.4163
0.46 0.896052 0.443948 0.887376 0.434096
0.48 0.886995 0.461779 0.882479 0.451795
0.5 0.877583 0.479426 0.877583 0.469396
0.52 0.867819 0.49688 0.864091 0.486812
0.54 0.857709 0.514136 0.8506 0.503959
0.56 0.847255 0.531186 0.837109 0.520836
0.58 0.836463 0.548024 0.823618 0.537444
0.6 0.825336 0.564642 0.810127 0.553781
0.62 0.813878 0.581035 0.796635 0.569849
0.64 0.802096 0.597195 0.783144 0.585647
0.66 0.789992 0.613117 0.769653 0.601174
0.68 0.777573 0.628793 0.756162 0.616433
0.7 0.764842 0.644218 0.74267 0.631421
0.72 0.751806 0.659385 0.729179 0.646139
0.74 0.738469 0.674288 0.715688 0.660588
0.76 0.724836 0.688921 0.702197 0.674767
0.78 0.710914 0.703279 0.688706 0.688676
0.8 0.696707 0.717356 0.675214 0.702315
0.82 0.682221 0.731146 0.661723 0.715685
0.84 0.667463 0.744643 0.648232 0.728784
0.86 0.652437 0.757843 0.634741 0.741614
0.88 0.637151 0.770739 0.62125 0.754174
0.9 0.62161 0.783327 0.607758 0.766464
0.92 0.60582 0.795602 0.594267 0.778484
0.94 0.589788 0.807558 0.580776 0.790235
0.96 0.57352 0.819192 0.567285 0.801715
0.98 0.557023 0.830497 0.553794 0.812926
1 0.540302 0.841471 0.540302 0.823867
1.02 0.523366 0.852108 0.52152 0.834485
1.04 0.50622 0.862404 0.502737 0.844728
1.06 0.488872 0.872355 0.483954 0.854595
1.08 0.471328 0.881958 0.465172 0.864086
1.1 0.453596 0.891207 0.446389 0.873201
1.12 0.435682 0.9001 0.427607 0.881941
1.14 0.417595 0.908633 0.408824 0.890306
1.16 0.39934 0.916803 0.390041 0.898294
1.18 0.380925 0.924606 0.371259 0.905907
1.2 0.362358 0.932039 0.352476 0.913145
1.22 0.343646 0.939099 0.333694 0.920006
1.24 0.324796 0.945784 0.314911 0.926492
1.26 0.305817 0.95209 0.296128 0.932603
1.28 0.286715 0.958016 0.277346 0.938338
1.3 0.267499 0.963558 0.258563 0.943697
1.32 0.248175 0.968715 0.239781 0.94868
1.34 0.228753 0.973485 0.220998 0.953288
1.36 0.209239 0.977865 0.202215 0.95752
1.38 0.189641 0.981854 0.183433 0.961377
1.4 0.169967 0.98545 0.16465 0.964857
1.42 0.150225 0.988652 0.145868 0.967963
1.44 0.130424 0.991458 0.127085 0.970692
1.46 0.11057 0.993868 0.108302 0.973046
1.48 0.0906716 0.995881 0.0895198 0.975024
1.5 0.0707372 0.997495 0.0707372 0.976627
1.52 0.0507745 0.99871 0.0512618 0.977847
1.54 0.0307915 0.999526 0.0317865 0.978677
1.56 0.0107961 0.999942 0.0123111 0.979118
1.58 -0.00920354 0.999958 -0.00716424 0.97917
1.6 -0.0291995 0.999574 -0.0266396 0.978832
1.62 -0.0491838 0.99879 -0.046115 0.978104
1.64 -0.0691484 0.997606 -0.0655903 0.976987
1.66 -0.0890854 0.996024 -0.0850657 0.97548
1.68 -0.108987 0.994043 -0.104541 0.973584
1.7 -0.128844 0.991665 -0.124016 0.971299
1.72 -0.148651 0.98889 -0.143492 0.968624
1.74 -0.168397 0.985719 -0.162967 0.965559
1.76 -0.188077 0.982154 -0.182442 0.962105
1.78 -0.207681 0.978197 -0.201918 0.958261
1.8 -0.227202 0.973848 -0.221393 0.954028
1.82 -0.246632 0.969109 -0.240869 0.949406
1.84 -0.265964 0.963983 -0.260344 0.944394
1.86 -0.285189 0.958471 -0.279819 0.938992
1.88 -0.3043 0.952576 -0.299295 0.933201
1.9 -0.32329 0.9463 -0.31877 0.92702
1.92 -0.34215 0.939645 -0.338245 0.92045
1.94 -0.360873 0.932615 -0.357721 0.91349
1.96 -0.379452 0.925212 -0.377196 0.906141
1.98 -0.397879 0.917438 -0.396671 0.898403
2 -0.416147 0.909297 -0.416147 0.890274
2.02 -0.434248 0.900793 -0.431547 0.881797
2.04 -0.452176 0.891929 -0.446947 0.873012
2.06 -0.469923 0.882707 -0.462346 0.86392
2.08 -0.487482 0.873133 -0.477746 0.854519
2.1 -0.504846 0.863209 -0.493146 0.84481
2.12 -0.522008 0.85294 -0.508546 0.834793
2.14 -0.538961 0.84233 -0.523946 0.824468
2.16 -0.555699 0.831383 -0.539346 0.813835
2.18 -0.572215 0.820104 -0.554746 0.802894
2.2 -0.588501 0.808496 -0.570146 0.791645
2.22 -0.604552 0.796565 -0.585545 0.780088
2.24 -0.620362 0.784316 -0.600945 0.768223
2.26 -0.635923 0.771753 -0.616345 0.75605
2.28 -0.65123 0.758881 -0.631745 0.743569
2.3 -0.666276 0.745705 -0.647145 0.730781
2.32 -0.681056 0.732231 -0.662545 0.717684
2.34 -0.695563 0.718465 -0.677945 0.704279
2.36 -0.709793 0.704411 -0.693345 0.690566
2.38 -0.723738 0.690075 -0.708744 0.676545
2.4 -0.737394 0.675463 -0.724144 0.662216
2.42 -0.750755 0.660581 -0.739544 0.647579
2.44 -0.763815 0.645435 -0.754944 0.632634
2.46 -0.77657 0.630031 -0.770344 0.617381
2.48 -0.789015 0.614374 -0.785744 0.601821
2.5 -0.801144 0.598472 -0.801144 0.585952
2.52 -0.812952 0.582331 -0.808698 0.569853
2.54 -0.824435 0.565956 -0.816252 0.553604
2.56 -0.835589 0.549355 -0.823805 0.537203
2.58 -0.846408 0.532535 -0.831359 0.520652
2.6 -0.856889 0.515501 -0.838913 0.503949
2.62 -0.867027 0.498262 -0.846467 0.487095
2.64 -0.876818 0.480823 -0.854021 0.47009
2.66 -0.886258 0.463191 -0.861575 0.452934
2.68 -0.895344 0.445375 -0.869129 0.435627
2.7 -0.904072 0.42738 -0.876683 0.418169
2.72 -0.912438 0.409214 -0.884237 0.40056
2.74 -0.92044 0.390885 -0.891791 0.3828
2.76 -0.928073 0.372399 -0.899345 0.364888
2.78 -0.935335 0.353764 -0.906899 0.346826
2.8 -0.942222 0.334988 -0.914453 0.328612
2.82 -0.948733 0.316078 -0.922007 0.310248
2.84 -0.954865 0.297041 -0.929561 0.291732
2.86 -0.960614 0.277886 -0.937115 0.273065
2.88 -0.965979 0.258619 -0.944669 0.254247
2.9 -0.970958 0.239249 -0.952223 0.235278
2.92 -0.975549 0.219784 -0.959777 0.216158
2.94 -0.979749 0.20023 -0.967331 0.196887
2.96 -0.983557 0.180596 -0.974885 0.177465
2.98 -0.986972 0.16089 -0.982439 0.157892
3 -0.989992 0.14112 -0.989992 0.138168
3.02 -0.992617 0.121293 -0.987851 0.118389
3.04 -0.994844 0.101418 -0.98571 0.0986536
3.06 -0.996673 0.0815022 -0.983568 0.0789609
3.08 -0.998104 0.0615537 -0.981427 0.0593109
3.1 -0.999135 0.0415807 -0.979285 0.0397038
3.12 -0.999767 0.021591 -0.977144 0.0201395
3.14 -0.999999 0.00159265 -0.975002 0.000618037
3.16 -0.999831 -0.0184063 -0.972861 -0.0188606
3.18 -0.999263 -0.0383979 -0.97072 -0.0382964
3.2 -0.998295 -0.0583741 -0.968578 -0.0576894
3.22 -0.996928 -0.078327 -0.966437 -0.0770395
3.24 -0.995162 -0.0982486 -0.964295 -0.0963469
3.26 -0.992998 -0.118131 -0.962154 -0.115611
3.28 -0.990437 -0.137966 -0.960012 -0.134833
3.3 -0.98748 -0.157746 -0.957871 -0.154012
3.32 -0.984128 -0.177462 -0.95573 -0.173148
3.34 -0.980382 -0.197108 -0.953588 -0.192241
3.36 -0.976244 -0.216675 -0.951447 -0.211291
3.38 -0.971715 -0.236155 -0.949305 -0.230299
3.4 -0.966798 -0.255541 -0.947164 -0.249264
3.42 -0.961494 -0.274825 -0.945022 -0.268185
3.44 -0.955806 -0.293998 -0.942881 -0.287064
3.46 -0.949735 -0.313054 -0.94074 -0.305901
3.48 -0.943285 -0.331985 -0.938598 -0.324694
3.5 -0.936457 -0.350783 -0.936457 -0.343445
3.52 -0.929254 -0.369441 -0.925144 -0.362061
3.54 -0.92168 -0.387951 -0.913832 -0.38045
3.56 -0.913737 -0.406306 -0.902519 -0.398614
3.58 -0.905429 -0.424498 -0.891207 -0.416551
3.6 -0.896758 -0.44252 -0.879894 -0.434262
3.62 -0.887729 -0.460366 -0.868582 -0.451747
3.64 -0.878345 -0.478027 -0.857269 -0.469005
3.66 -0.868609 -0.495497 -0.845957 -0.486038
3.68 -0.858526 -0.512769 -0.834644 -0.502844
3.7 -0.8481 -0.529836 -0.823331 -0.519423
3.72 -0.837334 -0.546691 -0.812019 -0.535777
3.74 -0.826234 -0.563327 -0.800706 -0.551904
3.76 -0.814803 -0.579738 -0.789394 -0.567805
3.78 -0.803046 -0.595917 -0.778081 -0.58348
3.8 -0.790968 -0.611858 -0.766769 -0.598928
3.82 -0.778573 -0.627554 -0.755456 -0.614151
3.84 -0.765867 -0.642999 -0.744144 -0.629147
3.86 -0.752855 -0.658186 -0.732831 -0.643916
3.88 -0.739542 -0.673111 -0.721519 -0.65846
3.9 -0.725932 -0.687766 -0.710206 -0.672777
3.92 -0.712033 -0.702146 -0.698894 -0.686868
3.94 -0.697848 -0.716246 -0.687581 -0.700733
3.96 -0.683385 -0.730058 -0.676269 -0.714371
3.98 -0.668648 -0.743579 -0.664956 -0.727784
4 -0.653644 -0.756802 -0.653644 -0.74097
4.02 -0.638378 -0.769723 -0.63593 -0.753865
4.04 -0.622857 -0.782336 -0.618216 -0.766407
4.06 -0.607087 -0.794636 -0.600502 -0.778594
4.08 -0.591073 -0.806618 -0.582788 -0.790427
4.1 -0.574824 -0.818277 -0.565074 -0.801906
4.12 -0.558345 -0.829609 -0.54736 -0.81303
4.14 -0.541642 -0.840609 -0.529646 -0.8238
4.16 -0.524722 -0.851273 -0.511932 -0.834216
4.18 -0.507593 -0.861597 -0.494218 -0.844277
4.2 -0.490261 -0.871576 -0.476504 -0.853984
4.22 -0.472732 -0.881206 -0.458791 -0.863337
4.24 -0.455015 -0.890484 -0.441077 -0.872336
4.26 -0.437115 -0.899405 -0.423363 -0.880981
4.28 -0.419041 -0.907967 -0.405649 -0.889271
4.3 -0.400799 -0.916166 -0.387935 -0.897206
4.32 -0.382397 -0.923998 -0.370221 -0.904788
4.34 -0.363842 -0.931461 -0.352507 -0.912015
4.36 -0.345141 -0.938551 -0.334793 -0.918888
4.38 -0.326302 -0.945266 -0.317079 -0.925407
4.4 -0.307333 -0.951602 -0.299365 -0.931571
4.42 -0.288241 -0.957558 -0.281651 -0.937382
4.44 -0.269033 -0.963131 -0.263938 -0.942838
4.46 -0.249718 -0.968319 -0.246224 -0.947939
4.48 -0.230303 -0.973119 -0.22851 -0.952686
4.5 -0.210796 -0.97753 -0.210796 -0.95708
4.52 -0.191204 -0.98155 -0.191017 -0.961098
4.54 -0.171536 -0.985178 -0.171239 -0.96472
4.56 -0.1518 -0.988411 -0.151461 -0.967947
4.58 -0.132003 -0.991249 -0.131683 -0.970779
4.6 -0.112153 -0.993691 -0.111904 -0.973215
4.62 -0.0922576 -0.995735 -0.0921259 -0.975255
4.64 -0.0723258 -0.997381 -0.0723476 -0.9769
4.66 -0.052365 -0.998628 -0.0525692 -0.978149
4.68 -0.0323833 -0.999476 -0.0327909 -0.979002
4.7 -0.0123887 -0.999923 -0.0130126 -0.97946
4.72 0.00761095 -0.999971 0.00676571 -0.979523
4.74 0.0276075 -0.999619 0.026544 -0.97919
4.76 0.047593 -0.998867 0.0463224 -0.978461
4.78 0.0675595 -0.997715 0.0661007 -0.977337
4.8 0.087499 -0.996165 0.085879 -0.975817
4.82 0.107403 -0.994216 0.105657 -0.973902
4.84 0.127265 -0.991869 0.125436 -0.971591
4.86 0.147076 -0.989125 0.145214 -0.968884
4.88 0.166827 -0.985986 0.164992 -0.965782
4.9 0.186512 -0.982453 0.184771 -0.962285
4.92 0.206123 -0.978526 0.204549 -0.958391
4.94 0.225651 -0.974208 0.224327 -0.954103
4.96 0.245089 -0.969501 0.244106 -0.949418
4.98 0.264428 -0.964405 0.263884 -0.944338
5 0.283662 -0.958924 0.283662 -0.938863
5.02 0.302783 -0.95306 0.300662 -0.93302
5.04 0.321782 -0.946814 0.317663 -0.926836
5.06 0.340653 -0.940189 0.334663 -0.920313
5.08 0.359387 -0.933189 0.351663 -0.91345
5.1 0.377978 -0.925815 0.368664 -0.906247
5.12 0.396417 -0.91807 0.385664 -0.898703
5.14 0.414698 -0.909959 0.402664 -0.89082
5.16 0.432813 -0.901484 0.419665 -0.882597
5.18 0.450755 -0.892648 0.436665 -0.874034
5.2 0.468517 -0.883455 0.453665 -0.86513
5.22 0.486091 -0.873908 0.470666 -0.855887
5.24 0.503471 -0.864012 0.487666 -0.846304
5.26 0.520649 -0.853771 0.504666 -0.83638
5.28 0.537619 -0.843188 0.521666 -0.826117
5.3 0.554374 -0.832267 0.538667 -0.815514
5.32 0.570908 -0.821014 0.555667 -0.80457
5.34 0.587213 -0.809433 0.572667 -0.793287
5.36 0.603283 -0.797527 0.589668 -0.781664
5.38 0.619112 -0.785303 0.606668 -0.7697
5.4 0.634693 -0.772764 0.623668 -0.757397
5.42 0.65002 -0.759917 0.640669 -0.744753
5.44 0.665088 -0.746765 0.657669 -0.73177
5.46 0.679889 -0.733315 0.674669 -0.718447
5.48 0.694418 -0.719572 0.691669 -0.704783
5.5 0.70867 -0.70554 0.70867 -0.69078
5.52 0.722638 -0.691227 0.71873 -0.676506
5.54 0.736317 -0.676637 0.72879 -0.662031
5.56 0.749702 -0.661776 0.73885 -0.647354
5.58 0.762786 -0.646651 0.74891 -0.632477
5.6 0.775566 -0.631267 0.75897 -0.617398
5.62 0.788035 -0.61563 0.76903 -0.602118
5.64 0.800189 -0.599747 0.77909 -0.586637
5.66 0.812024 -0.583625 0.78915 -0.570954
5.68 0.823533 -0.567269 0.79921 -0.555071
5.7 0.834713 -0.550686 0.80927 -0.538986
5.72 0.845559 -0.533882 0.81933 -0.5227
5.74 0.856067 -0.516865 0.82939 -0.506213
5.76 0.866232 -0.499642 0.83945 -0.489524
5.78 0.876051 -0.482218 0.84951 -0.472635
5.8 0.88552 -0.464602 0.85957 -0.455544
5.82 0.894634 -0.4468 0.86963 -0.438252
5.84 0.90339 -0.428819 0.87969 -0.420759
5.86 0.911785 -0.410667 0.88975 -0.403064
5.88 0.919816 -0.39235 0.89981 -0.385169
5.9 0.927478 -0.373877 0.90987 -0.367072
5.92 0.93477 -0.355254 0.91993 -0.348774
5.94 0.941688 -0.336488 0.92999 -0.330275
5.96 0.948229 -0.317589 0.94005 -0.311574
5.98 0.95439 -0.298562 0.95011 -0.292673
6 0.96017 -0.279415 0.96017 -0.27357
6.02 0.965566 -0.260157 0.960827 -0.25436
6.04 0.970576 -0.240795 0.961484 -0.235137
6.06 0.975197 -0.221337 0.96214 -0.215901
6.08 0.979429 -0.20179 0.962797 -0.196651
6.1 0.983268 -0.182163 0.963454 -0.177389
6.12 0.986715 -0.162462 0.96411 -0.158113
6.14 0.989766 -0.142697 0.964767 -0.138824
6.16 0.992422 -0.122874 0.965424 -0.119522
6.18 0.994681 -0.103002 0.966081 -0.100207
6.2 0.996542 -0.0830894 0.966737 -0.0808792
6.22 0.998004 -0.0631433 0.967394 -0.0615379
6.24 0.999068 -0.0431719 0.968051 -0.0421834
6.26 0.999731 -0.0231832 0.968707 -0.0228159
6.28 0.999995 -0.0031853 0.969364 -0.00343514
6.3 0.999859 0.0168139 0.970021 0.0159587
6.32 0.999322 0.0368064 0.970677 0.0353657
6.34 0.998386 0.0567841 0.971334 0.0547858
6.36 0.997051 0.0767392 0.971991 0.074219
6.38 0.995317 0.0966635 0.972647 0.0936654
6.4 0.993185 0.116549 0.973304 0.113125
6.42 0.990655 0.136388 0.973961 0.132598
6.44 0.98773 0.156173 0.974618 0.152083
6.46 0.984409 0.175895 0.975274 0.171582
6.48 0.980694 0.195547 0.975931 0.191094
6.5 0.976588 0.21512 0.976588 0.21062
6.52 0.97209 0.234607 0.96768 0.230062
6.54 0.967204 0.254001 0.958773 0.249327
6.56 0.961931 0.273293 0.949865 0.268413
6.58 0.956273 0.292476 0.940958 0.287321
6.6 0.950233 0.311541 0.932051 0.306051
6.62 0.943812 0.330482 0.923143 0.324603
6.64 0.937014 0.349291 0.914236 0.342977
6.66 0.929841 0.367961 0.905328 0.361173
6.68 0.922297 0.386483 0.896421 0.37919
6.7 0.914383 0.40485 0.887513 0.39703
6.72 0.906104 0.423055 0.878606 0.414691
6.74 0.897462 0.441092 0.869699 0.432174
6.76 0.888461 0.458951 0.860791 0.449479
6.78 0.879105 0.476628 0.851884 0.466606
6.8 0.869397 0.494113 0.842976 0.483554
6.82 0.859342 0.511401 0.834069 0.500325
6.84 0.848943 0.528485 0.825162 0.516917
6.86 0.838204 0.545357 0.816254 0.533331
6.88 0.82713 0.562011 0.807347 0.549567
6.9 0.815725 0.57844 0.798439 0.565625
6.92 0.803994 0.594637 0.789532 0.581505
6.94 0.791941 0.610597 0.780624 0.597206
6.96 0.779572 0.626313 0.771717 0.61273
6.98 0.76689 0.641778 0.76281 0.628075
7 0.753902 0.656987 0.753902 0.643242
7.02 0.740613 0.671932 0.737612 0.658157
7.04 0.727027 0.686609 0.721321 0.672746
7.06 0.71315 0.701011 0.70503 0.68701
7.08 0.698988 0.715133 0.68874 0.700948
7.1 0.684547 0.728969 0.672449 0.71456
7.12 0.669831 0.742513 0.656158 0.727846
7.14 0.654848 0.755761 0.639868 0.740806
7.16 0.639603 0.768705 0.623577 0.75344
7.18 0.624102 0.781343 0.607286 0.765749
7.2 0.608351 0.793668 0.590995 0.777732
7.22 0.592357 0.805675 0.574705 0.789389
7.24 0.576126 0.817361 0.558414 0.80072
7.26 0.559665 0.828719 0.542123 0.811725
7.28 0.54298 0.839746 0.525833 0.822405
7.3 0.526078 0.850437 0.509542 0.832759
7.32 0.508965 0.860787 0.493251 0.842787
7.34 0.491648 0.870794 0.476961 0.852489
7.36 0.474135 0.880452 0.46067 0.861865
7.38 0.456433 0.889758 0.444379 0.870916
7.4 0.438547 0.898708 0.428089 0.87964
7.42 0.420487 0.907299 0.411798 0.888039
7.44 0.402258 0.915526 0.395507 0.896112
7.46 0.383868 0.923388 0.379217 0.903859
7.48 0.365325 0.93088 0.362926 0.911281
7.5 0.346635 0.938 0.346635 0.918376
7.52 0.327807 0.944745 0.32695 0.925112
7.54 0.308848 0.951111 0.307264 0.931454
7.56 0.289765 0.957098 0.287579 0.937403
7.58 0.270567 0.962701 0.267894 0.942958
7.6 0.25126 0.96792 0.248208 0.948119
7.62 0.231852 0.972751 0.228523 0.952886
7.64 0.212352 0.977193 0.208837 0.957259
7.66 0.192767 0.981244 0.189152 0.961239
7.68 0.173105 0.984903 0.169467 0.964826
7.7 0.153374 0.988168 0.149781 0.968018
7.72 0.133581 0.991038 0.130096 0.970817
7.74 0.113735 0.993511 0.11041 0.973222
7.76 0.0938433 0.995587 0.0907249 0.975233
7.78 0.0739142 0.997265 0.0710395 0.976851
7.8 0.0539554 0.998543 0.0513541 0.978075
7.82 0.0339751 0.999423 0.0316687 0.978905
7.84 0.0139812 0.999902 0.0119833 0.979342
7.86 -0.00601833 0.999982 -0.00770214 0.979384
7.88 -0.0260154 0.999662 -0.0273875 0.979033
7.9 -0.0460021 0.998941 -0.047073 0.978289
7.92 -0.0659704 0.997822 -0.0667584 0.977151
7.94 -0.0859123 0.996303 -0.0864438 0.975619
7.96 -0.10582 0.994385 -0.106129 0.973693
7.98 -0.125685 0.99207 -0.125815 0.971373
8 -0.1455 0.989358 -0.1455 0.96866
8.02 -0.165257 0.986251 -0.163761 0.965568
8.04 -0.184947 0.982748 -0.182021 0.96211
8.06 -0.204564 0.978853 -0.200281 0.958287
8.08 -0.224099 0.974566 -0.218542 0.954099
8.1 -0.243544 0.96989 -0.236802 0.949545
8.12 -0.262892 0.964825 -0.255063 0.944626
8.14 -0.282135 0.959375 -0.273323 0.939343
8.16 -0.301264 0.953541 -0.291584 0.933694
8.18 -0.320274 0.947325 -0.309844 0.927679
8.2 -0.339155 0.940731 -0.328105 0.9213
8.22 -0.3579 0.93376 -0.346365 0.914555
8.24 -0.376503 0.926415 -0.364626 0.907445
8.26 -0.394955 0.918701 -0.382886 0.89997
8.28 -0.413248 0.910618 -0.401147 0.89213
8.3 -0.431377 0.902172 -0.419407 0.883924
8.32 -0.449333 0.893364 -0.437668 0.875353
8.34 -0.467109 0.8842 -0.455928 0.866417
8.36 -0.484698 0.874681 -0.474189 0.857116
8.38 -0.502094 0.864813 -0.492449 0.84745
8.4 -0.519289 0.854599 -0.51071 0.837418
8.42 -0.536276 0.844043 -0.52897 0.827022
8.44 -0.553048 0.833149 -0.54723 0.81626
8.46 -0.569599 0.821922 -0.565491 0.805132
8.48 -0.585923 0.810367 -0.583751 0.79364
8.5 -0.602012 0.798487 -0.602012 0.781782
8.52 -0.61786 0.786288 -0.614377 0.769618
8.54 -0.633461 0.773774 -0.626741 0.757207
8.56 -0.648809 0.760951 -0.639106 0.744549
8.58 -0.663897 0.747824 -0.651471 0.731643
8.6 -0.67872 0.734397 -0.663836 0.71849
8.62 -0.693271 0.720677 -0.6762 0.70509
8.64 -0.707545 0.706668 -0.688565 0.691442
8.66 -0.721536 0.692377 -0.70093 0.677547
8.68 -0.735238 0.677809 -0.713295 0.663405
8.7 -0.748647 0.662969 -0.725659 0.649015
8.72 -0.761755 0.647865 -0.738024 0.634378
8.74 -0.77456 0.632501 -0.750389 0.619494
8.76 -0.787054 0.616884 -0.762753 0.604363
8.78 -0.799233 0.601021 -0.775118 0.588984
8.8 -0.811093 0.584917 -0.787483 0.573358
8.82 -0.822628 0.568579 -0.799848 0.557485
8.84 -0.833835 0.552014 -0.812212 0.541364
8.86 -0.844707 0.535228 -0.824577 0.524996
8.88 -0.855242 0.518228 -0.836942 0.508381
8.9 -0.865435 0.501021 -0.849307 0.491519
8.92 -0.875282 0.483613 -0.861671 0.474409
8.94 -0.884778 0.466012 -0.874036 0.457052
8.96 -0.893921 0.448224 -0.886401 0.439447
8.98 -0.902706 0.430257 -0.898766 0.421596
9 -0.91113 0.412118 -0.91113 0.403497
