# z cos(z) sin(z) qspline qsplineInteg qsplineDeriv -sin(z)
0 1 0 1 0 -0.221074 -0
0.02 0.9998 0.0199987 0.99556 0.0199557 -0.222974 -0.0199987
0.04 0.9992 0.0399893 0.991081 0.0398221 -0.224875 -0.0399893
0.06 0.998201 0.059964 0.986565 0.0595986 -0.226776 -0.059964
0.08 0.996802 0.0799147 0.98201 0.0792845 -0.228677 -0.0799147
0.1 0.995004 0.0998334 0.977417 0.0988788 -0.230578 -0.0998334
0.12 0.992809 0.119712 0.972787 0.118381 -0.232479 -0.119712
0.14 0.990216 0.139543 0.968118 0.13779 -0.23438 -0.139543
0.16 0.987227 0.159318 0.963412 0.157105 -0.236281 -0.159318
0.18 0.983844 0.17903 0.958667 0.176326 -0.238182 -0.17903
0.2 0.980067 0.198669 0.953884 0.195452 -0.240083 -0.198669
0.22 0.975897 0.21823 0.949064 0.214481 -0.241984 -0.21823
0.24 0.971338 0.237703 0.944205 0.233414 -0.243884 -0.237703
0.26 0.96639 0.257081 0.939308 0.252249 -0.245785 -0.257081
0.28 0.961055 0.276356 0.934374 0.270986 -0.247686 -0.276356
0.3 0.955336 0.29552 0.929401 0.289624 -0.249587 -0.29552
0.32 0.949235 0.314567 0.92439 0.308162 -0.251488 -0.314567
0.34 0.942755 0.333487 0.919341 0.326599 -0.253389 -0.333487
0.36 0.935897 0.352274 0.914255 0.344935 -0.25529 -0.352274
0.38 0.928665 0.37092 0.90913 0.363169 -0.257191 -0.37092
0.4 0.921061 0.389418 0.903967 0.3813 -0.259092 -0.389418
0.42 0.913089 0.40776 0.898766 0.399328 -0.260993 -0.40776
0.44 0.904752 0.425939 0.893527 0.417251 -0.262893 -0.425939
0.46 0.896052 0.443948 0.88825 0.435069 -0.264794 -0.443948
0.48 0.886995 0.461779 0.882935 0.45278 -0.266695 -0.461779
0.5 0.877583 0.479426 0.877583 0.470386 -0.268596 -0.479426
0.52 0.867819 0.49688 0.871886 0.487881 -0.301073 -0.49688
0.54 0.857709 0.514136 0.86554 0.505257 -0.33355 -0.514136
0.56 0.847255 0.531186 0.858544 0.522499 -0.366028 -0.531186
0.58 0.836463 0.548024 0.850899 0.539594 -0.398505 -0.548024
0.6 0.825336 0.564642 0.842604 0.55653 -0.430982 -0.564642
0.62 0.813878 0.581035 0.833659 0.573294 -0.463459 -0.581035
0.64 0.802096 0.597195 0.824065 0.589872 -0.495936 -0.597195
0.66 0.789992 0.613117 0.813822 0.606252 -0.528413 -0.613117
0.68 0.777573 0.628793 0.802929 0.622421 -0.560891 -0.628793
0.7 0.764842 0.644218 0.791386 0.638365 -0.593368 -0.644218
0.72 0.751806 0.659385 0.779194 0.654072 -0.625845 -0.659385
0.74 0.738469 0.674288 0.766352 0.669529 -0.658322 -0.674288
0.76 0.724836 0.688921 0.752861 0.684722 -0.690799 -0.688921
0.78 0.710914 0.703279 0.73872 0.699639 -0.723276 -0.703279
0.8 0.696707 0.717356 0.72393 0.714266 -0.755753 -0.717356
0.82 0.682221 0.731146 0.70849 0.728592 -0.788231 -0.731146
0.84 0.667463 0.744643 0.692401 0.742602 -0.820708 -0.744643
0.86 0.652437 0.757843 0.675662 0.756283 -0.853185 -0.757843
0.88 0.637151 0.770739 0.658274 0.769624 -0.885662 -0.770739
0.9 0.62161 0.783327 0.640236 0.78261 -0.918139 -0.783327
0.92 0.60582 0.795602 0.621548 0.795229 -0.950616 -0.795602
0.94 0.589788 0.807558 0.602211 0.807467 -0.983093 -0.807558
0.96 0.57352 0.819192 0.582224 0.819313 -1.01557 -0.819192
0.98 0.557023 0.830497 0.561588 0.830752 -1.04805 -0.830497
1 0.540302 0.841471 0.540302 0.841772 -1.08052 -0.841471
1.02 0.523366 0.852108 0.518805 0.852363 -1.06921 -0.852108
1.04 0.50622 0.862404 0.497534 0.862526 -1.0579 -0.862404
1.06 0.488872 0.872355 0.476489 0.872266 -1.04659 -0.872355
1.08 0.471328 0.881958 0.45567 0.881587 -1.03528 -0.881958
1.1 0.453596 0.891207 0.435078 0.890494 -1.02397 -0.891207
1.12 0.435682 0.9001 0.414711 0.898991 -1.01266 -0.9001
1.14 0.417595 0.908633 0.394572 0.907084 -1.00134 -0.908633
1.16 0.39934 0.916803 0.374658 0.914776 -0.990032 -0.916803
1.18 0.380925 0.924606 0.35497 0.922072 -0.978721 -0.924606
1.2 0.362358 0.932039 0.335509 0.928976 -0.967409 -0.932039
1.22 0.343646 0.939099 0.316274 0.935494 -0.956098 -0.939099
1.24 0.324796 0.945784 0.297265 0.941629 -0.944786 -0.945784
1.26 0.305817 0.95209 0.278482 0.947386 -0.933474 -0.95209
1.28 0.286715 0.958016 0.259926 0.952769 -0.922163 -0.958016
1.3 0.267499 0.963558 0.241596 0.957784 -0.910851 -0.963558
1.32 0.248175 0.968715 0.223492 0.962435 -0.89954 -0.968715
1.34 0.228753 0.973485 0.205614 0.966725 -0.888228 -0.973485
1.36 0.209239 0.977865 0.187963 0.970661 -0.876917 -0.977865
1.38 0.189641 0.981854 0.170538 0.974245 -0.865605 -0.981854
1.4 0.169967 0.98545 0.153339 0.977484 -0.854293 -0.98545
1.42 0.150225 0.988652 0.136366 0.980381 -0.842982 -0.988652
1.44 0.130424 0.991458 0.119619 0.98294 -0.83167 -0.991458
1.46 0.11057 0.993868 0.103099 0.985167 -0.820359 -0.993868
1.48 0.0906716 0.995881 0.086805 0.987065 -0.809047 -0.995881
1.5 0.0707372 0.997495 0.0707372 0.988641 -0.797736 -0.997495
1.52 0.0507745 0.99871 0.0546417 0.989895 -0.811818 -0.99871
1.54 0.0307915 0.999526 0.0382645 0.990824 -0.825901 -0.999526
1.56 0.0107961 0.999942 0.0216056 0.991423 -0.839983 -0.999942
1.58 -0.00920354 0.999958 0.00466514 0.991687 -0.854066 -0.999958
1.6 -0.0291995 0.999574 -0.012557 0.991608 -0.868149 -0.999574
1.62 -0.0491838 0.99879 -0.0300608 0.991183 -0.882231 -0.99879
1.64 -0.0691484 0.997606 -0.0478463 0.990404 -0.896314 -0.997606
1.66 -0.0890854 0.996024 -0.0659134 0.989267 -0.910396 -0.996024
1.68 -0.108987 0.994043 -0.0842621 0.987765 -0.924479 -0.994043
1.7 -0.128844 0.991665 -0.102893 0.985894 -0.938562 -0.991665
1.72 -0.148651 0.98889 -0.121805 0.983648 -0.952644 -0.98889
1.74 -0.168397 0.985719 -0.140998 0.98102 -0.966727 -0.985719
1.76 -0.188077 0.982154 -0.160474 0.978006 -0.980809 -0.982154
1.78 -0.207681 0.978197 -0.180231 0.9746 -0.994892 -0.978197
1.8 -0.227202 0.973848 -0.200269 0.970795 -1.00897 -0.973848
1.82 -0.246632 0.969109 -0.22059 0.966587 -1.02306 -0.969109
1.84 -0.265964 0.963983 -0.241192 0.96197 -1.03714 -0.963983
1.86 -0.285189 0.958471 -0.262075 0.956937 -1.05122 -0.958471
1.88 -0.3043 0.952576 -0.283241 0.951485 -1.0653 -0.952576
1.9 -0.32329 0.9463 -0.304687 0.945606 -1.07939 -0.9463
1.92 -0.34215 0.939645 -0.326416 0.939295 -1.09347 -0.939645
1.94 -0.360873 0.932615 -0.348426 0.932547 -1.10755 -0.932615
1.96 -0.379452 0.925212 -0.370718 0.925356 -1.12164 -0.925212
1.98 -0.397879 0.917438 -0.393292 0.917717 -1.13572 -0.917438
2 -0.416147 0.909297 -0.416147 0.909623 -1.1498 -0.909297
2.02 -0.434248 0.900793 -0.438839 0.901072 -1.11942 -0.900793
2.04 -0.452176 0.891929 -0.460923 0.892073 -1.08903 -0.891929
2.06 -0.469923 0.882707 -0.4824 0.882639 -1.05865 -0.882707
2.08 -0.487482 0.873133 -0.503269 0.872781 -1.02826 -0.873133
2.1 -0.504846 0.863209 -0.523531 0.862512 -0.997878 -0.863209
2.12 -0.522008 0.85294 -0.543184 0.851844 -0.967493 -0.85294
2.14 -0.538961 0.84233 -0.56223 0.840789 -0.937109 -0.84233
2.16 -0.555699 0.831383 -0.580669 0.829359 -0.906724 -0.831383
2.18 -0.572215 0.820104 -0.598499 0.817566 -0.87634 -0.820104
2.2 -0.588501 0.808496 -0.615722 0.805423 -0.845955 -0.808496
2.22 -0.604552 0.796565 -0.632338 0.792941 -0.81557 -0.796565
2.24 -0.620362 0.784316 -0.648345 0.780134 -0.785186 -0.784316
2.26 -0.635923 0.771753 -0.663745 0.767012 -0.754801 -0.771753
2.28 -0.65123 0.758881 -0.678537 0.753588 -0.724417 -0.758881
2.3 -0.666276 0.745705 -0.692722 0.739874 -0.694032 -0.745705
2.32 -0.681056 0.732231 -0.706299 0.725883 -0.663648 -0.732231
2.34 -0.695563 0.718465 -0.719268 0.711626 -0.633263 -0.718465
2.36 -0.709793 0.704411 -0.731629 0.697116 -0.602878 -0.704411
2.38 -0.723738 0.690075 -0.743383 0.682365 -0.572494 -0.690075
2.4 -0.737394 0.675463 -0.754529 0.667385 -0.542109 -0.675463
2.42 -0.750755 0.660581 -0.765067 0.652188 -0.511725 -0.660581
2.44 -0.763815 0.645435 -0.774998 0.636786 -0.48134 -0.645435
2.46 -0.77657 0.630031 -0.784321 0.621192 -0.450956 -0.630031
2.48 -0.789015 0.614374 -0.793036 0.605418 -0.420571 -0.614374
2.5 -0.801144 0.598472 -0.801144 0.589475 -0.390187 -0.598472
2.52 -0.812952 0.582331 -0.808937 0.573374 -0.389187 -0.582331
2.54 -0.824435 0.565956 -0.816711 0.557118 -0.388188 -0.565956
2.56 -0.835589 0.549355 -0.824465 0.540706 -0.387189 -0.549355
2.58 -0.846408 0.532535 -0.832199 0.524139 -0.38619 -0.532535
2.6 -0.856889 0.515501 -0.839912 0.507418 -0.385191 -0.515501
2.62 -0.867027 0.498262 -0.847606 0.490543 -0.384192 -0.498262
2.64 -0.876818 0.480823 -0.85528 0.473514 -0.383193 -0.480823
2.66 -0.886258 0.463191 -0.862934 0.456332 -0.382194 -0.463191
2.68 -0.895344 0.445375 -0.870568 0.438997 -0.381195 -0.445375
2.7 -0.904072 0.42738 -0.878182 0.421509 -0.380196 -0.42738
2.72 -0.912438 0.409214 -0.885776 0.403869 -0.379196 -0.409214
2.74 -0.92044 0.390885 -0.89335 0.386078 -0.378197 -0.390885
2.76 -0.928073 0.372399 -0.900904 0.368136 -0.377198 -0.372399
2.78 -0.935335 0.353764 -0.908438 0.350042 -0.376199 -0.353764
2.8 -0.942222 0.334988 -0.915952 0.331798 -0.3752 -0.334988
2.82 -0.948733 0.316078 -0.923446 0.313404 -0.374201 -0.316078
2.84 -0.954865 0.297041 -0.93092 0.294861 -0.373202 -0.297041
2.86 -0.960614 0.277886 -0.938374 0.276168 -0.372203 -0.277886
2.88 -0.965979 0.258619 -0.945808 0.257326 -0.371204 -0.258619
2.9 -0.970958 0.239249 -0.953222 0.238335 -0.370204 -0.239249
2.92 -0.975549 0.219784 -0.960616 0.219197 -0.369205 -0.219784
2.94 -0.979749 0.20023 -0.96799 0.199911 -0.368206 -0.20023
2.96 -0.983557 0.180596 -0.975344 0.180478 -0.367207 -0.180596
2.98 -0.986972 0.16089 -0.982678 0.160897 -0.366208 -0.16089
3 -0.989992 0.14112 -0.989992 0.141171 -0.365209 -0.14112
3.02 -0.992617 0.121293 -0.996919 0.1213 -0.327427 -0.121293
3.04 -0.994844 0.101418 -1.00309 0.101299 -0.289644 -0.101418
3.06 -0.996673 0.0815022 -1.0085 0.0811816 -0.251862 -0.0815022
3.08 -0.998104 0.0615537 -1.01316 0.0609636 -0.214079 -0.0615537
3.1 -0.999135 0.0415807 -1.01707 0.0406601 -0.176297 -0.0415807
3.12 -0.999767 0.021591 -1.02022 0.020286 -0.138514 -0.021591
3.14 -0.999999 0.00159265 -1.02261 -0.000143533 -0.100732 -0.00159265
3.16 -0.999831 -0.0184063 -1.02425 -0.0206133 -0.0629494 0.0184063
3.18 -0.999263 -0.0383979 -1.02513 -0.0411083 -0.0251669 0.0383979
3.2 -0.998295 -0.0583741 -1.02525 -0.0616133 0.0126155 0.0583741
3.22 -0.996928 -0.078327 -1.02462 -0.0821133 0.0503979 0.078327
3.24 -0.995162 -0.0982486 -1.02324 -0.102593 0.0881804 0.0982486
3.26 -0.992998 -0.118131 -1.02109 -0.123038 0.125963 0.118131
3.28 -0.990437 -0.137966 -1.0182 -0.143432 0.163745 0.137966
3.3 -0.98748 -0.157746 -1.01454 -0.163761 0.201528 0.157746
3.32 -0.984128 -0.177462 -1.01014 -0.184009 0.23931 0.177462
3.34 -0.980382 -0.197108 -1.00497 -0.204161 0.277093 0.197108
3.36 -0.976244 -0.216675 -0.999053 -0.224203 0.314875 0.216675
3.38 -0.971715 -0.236155 -0.992377 -0.244118 0.352658 0.236155
3.4 -0.966798 -0.255541 -0.984946 -0.263893 0.39044 0.255541
3.42 -0.961494 -0.274825 -0.97676 -0.283511 0.428222 0.274825
3.44 -0.955806 -0.293998 -0.967817 -0.302958 0.466005 0.293998
3.46 -0.949735 -0.313054 -0.958119 -0.322219 0.503787 0.313054
3.48 -0.943285 -0.331985 -0.947666 -0.341278 0.54157 0.331985
3.5 -0.936457 -0.350783 -0.936457 -0.36012 0.579352 0.350783
3.52 -0.929254 -0.369441 -0.924881 -0.378733 0.578254 0.369441
3.54 -0.92168 -0.387951 -0.913327 -0.397116 0.577156 0.387951
3.56 -0.913737 -0.406306 -0.901794 -0.415267 0.576058 0.406306
3.58 -0.905429 -0.424498 -0.890284 -0.433187 0.57496 0.424498
3.6 -0.896758 -0.44252 -0.878796 -0.450878 0.573862 0.44252
3.62 -0.887729 -0.460366 -0.86733 -0.468339 0.572764 0.460366
3.64 -0.878345 -0.478027 -0.855885 -0.485572 0.571666 0.478027
3.66 -0.868609 -0.495497 -0.844463 -0.502575 0.570568 0.495497
3.68 -0.858526 -0.512769 -0.833063 -0.51935 0.569469 0.512769
3.7 -0.8481 -0.529836 -0.821684 -0.535898 0.568371 0.529836
3.72 -0.837334 -0.546691 -0.810328 -0.552218 0.567273 0.546691
3.74 -0.826234 -0.563327 -0.798993 -0.568311 0.566175 0.563327
3.76 -0.814803 -0.579738 -0.787681 -0.584178 0.565077 0.579738
3.78 -0.803046 -0.595917 -0.77639 -0.599818 0.563979 0.595917
3.8 -0.790968 -0.611858 -0.765122 -0.615233 0.562881 0.611858
3.82 -0.778573 -0.627554 -0.753875 -0.630423 0.561783 0.627554
3.84 -0.765867 -0.642999 -0.74265 -0.645389 0.560685 0.642999
3.86 -0.752855 -0.658186 -0.731448 -0.660129 0.559587 0.658186
3.88 -0.739542 -0.673111 -0.720267 -0.674647 0.558489 0.673111
3.9 -0.725932 -0.687766 -0.709108 -0.68894 0.55739 0.687766
3.92 -0.712033 -0.702146 -0.697971 -0.703011 0.556292 0.702146
3.94 -0.697848 -0.716246 -0.686856 -0.716859 0.555194 0.716246
3.96 -0.683385 -0.730058 -0.675764 -0.730485 0.554096 0.730058
3.98 -0.668648 -0.743579 -0.664693 -0.74389 0.552998 0.743579
4 -0.653644 -0.756802 -0.653644 -0.757073 0.5519 0.756802
4.02 -0.638378 -0.769723 -0.642339 -0.770034 0.578604 0.769723
4.04 -0.622857 -0.782336 -0.630499 -0.782763 0.605307 0.782336
4.06 -0.607087 -0.794636 -0.618126 -0.79525 0.632011 0.794636
4.08 -0.591073 -0.806618 -0.605219 -0.807485 0.658715 0.806618
4.1 -0.574824 -0.818277 -0.591778 -0.819456 0.685418 0.818277
4.12 -0.558345 -0.829609 -0.577802 -0.831152 0.712122 0.829609
4.14 -0.541642 -0.840609 -0.563293 -0.842564 0.738826 0.840609
4.16 -0.524722 -0.851273 -0.548249 -0.85368 0.765529 0.851273
4.18 -0.507593 -0.861597 -0.532672 -0.864491 0.792233 0.861597
4.2 -0.490261 -0.871576 -0.51656 -0.874984 0.818937 0.871576
4.22 -0.472732 -0.881206 -0.499914 -0.885149 0.84564 0.881206
4.24 -0.455015 -0.890484 -0.482734 -0.894977 0.872344 0.890484
4.26 -0.437115 -0.899405 -0.46502 -0.904455 0.899047 0.899405
4.28 -0.419041 -0.907967 -0.446772 -0.913574 0.925751 0.907967
4.3 -0.400799 -0.916166 -0.42799 -0.922323 0.952455 0.916166
4.32 -0.382397 -0.923998 -0.408674 -0.93069 0.979158 0.923998
4.34 -0.363842 -0.931461 -0.388824 -0.938666 1.00586 0.931461
4.36 -0.345141 -0.938551 -0.36844 -0.94624 1.03257 0.938551
4.38 -0.326302 -0.945266 -0.347521 -0.9534 1.05927 0.945266
4.4 -0.307333 -0.951602 -0.326069 -0.960137 1.08597 0.951602
4.42 -0.288241 -0.957558 -0.304083 -0.966439 1.11268 0.957558
4.44 -0.269033 -0.963131 -0.281562 -0.972297 1.13938 0.963131
4.46 -0.249718 -0.968319 -0.258507 -0.977698 1.16608 0.968319
4.48 -0.230303 -0.973119 -0.234919 -0.982633 1.19279 0.973119
4.5 -0.210796 -0.97753 -0.210796 -0.987091 1.21949 0.97753
4.52 -0.191204 -0.98155 -0.18659 -0.991065 1.20105 0.98155
4.54 -0.171536 -0.985178 -0.162754 -0.994557 1.1826 0.985178
4.56 -0.1518 -0.988411 -0.139286 -0.997577 1.16415 0.988411
4.58 -0.132003 -0.991249 -0.116188 -1.00013 1.14571 0.991249
4.6 -0.112153 -0.993691 -0.0934582 -1.00223 1.12726 0.993691
4.62 -0.0922576 -0.995735 -0.0710974 -1.00387 1.10882 0.995735
4.64 -0.0723258 -0.997381 -0.0491056 -1.00507 1.09037 0.997381
4.66 -0.052365 -0.998628 -0.0274827 -1.00584 1.07192 0.998628
4.68 -0.0323833 -0.999476 -0.00622866 -1.00618 1.05348 0.999476
4.7 -0.0123887 -0.999923 0.0146564 -1.00609 1.03503 0.999923
4.72 0.00761095 -0.999971 0.0351726 -1.00559 1.01658 0.999971
4.74 0.0276075 -0.999619 0.0553198 -1.00469 0.998139 0.999619
4.76 0.047593 -0.998867 0.0750981 -1.00338 0.979693 0.998867
4.78 0.0675595 -0.997715 0.0945075 -1.00168 0.961247 0.997715
4.8 0.087499 -0.996165 0.113548 -0.999603 0.942801 0.996165
4.82 0.107403 -0.994216 0.13222 -0.997145 0.924355 0.994216
4.84 0.127265 -0.991869 0.150522 -0.994317 0.905909 0.991869
4.86 0.147076 -0.989125 0.168456 -0.991127 0.887463 0.989125
4.88 0.166827 -0.985986 0.186021 -0.987581 0.869017 0.985986
4.9 0.186512 -0.982453 0.203217 -0.983688 0.850571 0.982453
4.92 0.206123 -0.978526 0.220044 -0.979455 0.832125 0.978526
4.94 0.225651 -0.974208 0.236502 -0.974889 0.813679 0.974208
4.96 0.245089 -0.969501 0.252591 -0.969997 0.795233 0.969501
4.98 0.264428 -0.964405 0.268311 -0.964788 0.776787 0.964405
5 0.283662 -0.958924 0.283662 -0.959267 0.758341 0.958924
5.02 0.302783 -0.95306 0.298902 -0.953442 0.765675 0.95306
5.04 0.321782 -0.946814 0.314289 -0.94731 0.773009 0.946814
5.06 0.340653 -0.940189 0.329823 -0.940869 0.780343 0.940189
5.08 0.359387 -0.933189 0.345503 -0.934116 0.787677 0.933189
5.1 0.377978 -0.925815 0.36133 -0.927048 0.795011 0.925815
5.12 0.396417 -0.91807 0.377303 -0.919662 0.802344 0.91807
5.14 0.414698 -0.909959 0.393424 -0.911955 0.809678 0.909959
5.16 0.432813 -0.901484 0.40969 -0.903924 0.817012 0.901484
5.18 0.450755 -0.892648 0.426104 -0.895567 0.824346 0.892648
5.2 0.468517 -0.883455 0.442664 -0.886879 0.83168 0.883455
5.22 0.486091 -0.873908 0.459371 -0.877859 0.839014 0.873908
5.24 0.503471 -0.864012 0.476225 -0.868503 0.846348 0.864012
5.26 0.520649 -0.853771 0.493225 -0.858809 0.853682 0.853771
5.28 0.537619 -0.843188 0.510372 -0.848773 0.861016 0.843188
5.3 0.554374 -0.832267 0.527666 -0.838393 0.86835 0.832267
5.32 0.570908 -0.821014 0.545106 -0.827666 0.875684 0.821014
5.34 0.587213 -0.809433 0.562693 -0.816588 0.883018 0.809433
5.36 0.603283 -0.797527 0.580427 -0.805157 0.890352 0.797527
5.38 0.619112 -0.785303 0.598307 -0.79337 0.897686 0.785303
5.4 0.634693 -0.772764 0.616334 -0.781224 0.90502 0.772764
5.42 0.65002 -0.759917 0.634508 -0.768716 0.912354 0.759917
5.44 0.665088 -0.746765 0.652828 -0.755843 0.919688 0.746765
5.46 0.679889 -0.733315 0.671296 -0.742602 0.927022 0.733315
5.48 0.694418 -0.719572 0.689909 -0.72899 0.934356 0.719572
5.5 0.70867 -0.70554 0.70867 -0.715004 0.94169 0.70554
5.52 0.722638 -0.691227 0.727153 -0.700645 0.906595 0.691227
5.54 0.736317 -0.676637 0.744934 -0.685923 0.871499 0.676637
5.56 0.749702 -0.661776 0.762013 -0.670852 0.836404 0.661776
5.58 0.762786 -0.646651 0.77839 -0.655447 0.801309 0.646651
5.6 0.775566 -0.631267 0.794065 -0.639721 0.766214 0.631267
5.62 0.788035 -0.61563 0.809038 -0.623689 0.731119 0.61563
5.64 0.800189 -0.599747 0.82331 -0.607364 0.696024 0.599747
5.66 0.812024 -0.583625 0.836879 -0.590761 0.660929 0.583625
5.68 0.823533 -0.567269 0.849747 -0.573894 0.625834 0.567269
5.7 0.834713 -0.550686 0.861913 -0.556776 0.590739 0.550686
5.72 0.845559 -0.533882 0.873376 -0.539422 0.555644 0.533882
5.74 0.856067 -0.516865 0.884138 -0.521846 0.520549 0.516865
5.76 0.866232 -0.499642 0.894198 -0.504061 0.485453 0.499642
5.78 0.876051 -0.482218 0.903556 -0.486082 0.450358 0.482218
5.8 0.88552 -0.464602 0.912213 -0.467924 0.415263 0.464602
5.82 0.894634 -0.4468 0.920167 -0.449599 0.380168 0.4468
5.84 0.90339 -0.428819 0.927419 -0.431122 0.345073 0.428819
5.86 0.911785 -0.410667 0.93397 -0.412507 0.309978 0.410667
5.88 0.919816 -0.39235 0.939819 -0.393767 0.274883 0.39235
5.9 0.927478 -0.373877 0.944965 -0.374918 0.239788 0.373877
5.92 0.93477 -0.355254 0.94941 -0.355974 0.204693 0.355254
5.94 0.941688 -0.336488 0.953153 -0.336947 0.169598 0.336488
5.96 0.948229 -0.317589 0.956194 -0.317852 0.134503 0.317589
5.98 0.95439 -0.298562 0.958533 -0.298704 0.0994075 0.298562
6 0.96017 -0.279415 0.96017 -0.279515 0.0643124 0.279415
6.02 0.965566 -0.260157 0.961431 -0.260299 0.0617942 0.260157
6.04 0.970576 -0.240795 0.962642 -0.241059 0.059276 0.240795
6.06 0.975197 -0.221337 0.963802 -0.221794 0.0567578 0.221337
6.08 0.979429 -0.20179 0.964912 -0.202507 0.0542395 0.20179
6.1 0.983268 -0.182163 0.965972 -0.183198 0.0517213 0.182163
6.12 0.986715 -0.162462 0.966981 -0.163868 0.0492031 0.162462
6.14 0.989766 -0.142697 0.96794 -0.144519 0.0466849 0.142697
6.16 0.992422 -0.122874 0.968849 -0.125151 0.0441667 0.122874
6.18 0.994681 -0.103002 0.969707 -0.105765 0.0416484 0.103002
6.2 0.996542 -0.0830894 0.970515 -0.0863631 0.0391302 0.0830894
6.22 0.998004 -0.0631433 0.971272 -0.0669451 0.036612 0.0631433
6.24 0.999068 -0.0431719 0.971979 -0.0475125 0.0340938 0.0431719
6.26 0.999731 -0.0231832 0.972636 -0.0280663 0.0315756 0.0231832
6.28 0.999995 -0.0031853 0.973242 -0.00860742 0.0290573 0.0031853
6.3 0.999859 0.0168139 0.973798 0.0108631 0.0265391 -0.0168139
6.32 0.999322 0.0368064 0.974304 0.0303442 0.0240209 -0.0368064
6.34 0.998386 0.0567841 0.974759 0.0498349 0.0215027 -0.0567841
6.36 0.997051 0.0767392 0.975164 0.0693342 0.0189845 -0.0767392
6.38 0.995317 0.0966635 0.975518 0.0888411 0.0164663 -0.0966635
6.4 0.993185 0.116549 0.975822 0.108355 0.013948 -0.116549
6.42 0.990655 0.136388 0.976076 0.127874 0.0114298 -0.136388
6.44 0.98773 0.156173 0.97628 0.147397 0.0089116 -0.156173
6.46 0.984409 0.175895 0.976433 0.166924 0.00639338 -0.175895
6.48 0.980694 0.195547 0.976535 0.186454 0.00387516 -0.195547
6.5 0.976588 0.21512 0.976588 0.205986 0.00135694 -0.21512
6.52 0.97209 0.234607 0.976257 0.225515 -0.0343813 -0.234607
6.54 0.967204 0.254001 0.975212 0.245031 -0.0701195 -0.254001
6.56 0.961931 0.273293 0.973453 0.264519 -0.105858 -0.273293
6.58 0.956273 0.292476 0.970978 0.283964 -0.141596 -0.292476
6.6 0.950233 0.311541 0.967789 0.303353 -0.177334 -0.311541
6.62 0.943812 0.330482 0.963885 0.322671 -0.213072 -0.330482
6.64 0.937014 0.349291 0.959266 0.341904 -0.248811 -0.349291
6.66 0.929841 0.367961 0.953932 0.361037 -0.284549 -0.367961
6.68 0.922297 0.386483 0.947884 0.380056 -0.320287 -0.386483
6.7 0.914383 0.40485 0.941121 0.398948 -0.356025 -0.40485
6.72 0.906104 0.423055 0.933643 0.417697 -0.391763 -0.423055
6.74 0.897462 0.441092 0.92545 0.436289 -0.427502 -0.441092
6.76 0.888461 0.458951 0.916543 0.45471 -0.46324 -0.458951
6.78 0.879105 0.476628 0.906921 0.472946 -0.498978 -0.476628
6.8 0.869397 0.494113 0.896584 0.490982 -0.534716 -0.494113
6.82 0.859342 0.511401 0.885532 0.508804 -0.570454 -0.511401
6.84 0.848943 0.528485 0.873766 0.526398 -0.606193 -0.528485
6.86 0.838204 0.545357 0.861284 0.54375 -0.641931 -0.545357
6.88 0.82713 0.562011 0.848088 0.560845 -0.677669 -0.562011
6.9 0.815725 0.57844 0.834178 0.577669 -0.713407 -0.57844
6.92 0.803994 0.594637 0.819552 0.594207 -0.749146 -0.594637
6.94 0.791941 0.610597 0.804212 0.610446 -0.784884 -0.610597
6.96 0.779572 0.626313 0.788157 0.626371 -0.820622 -0.626313
6.98 0.76689 0.641778 0.771387 0.641968 -0.85636 -0.641778
7 0.753902 0.656987 0.753902 0.657222 -0.892098 -0.656987
7.02 0.740613 0.671932 0.736122 0.672122 -0.885893 -0.671932
7.04 0.727027 0.686609 0.718467 0.686667 -0.879688 -0.686609
7.06 0.71315 0.701011 0.700935 0.700861 -0.873483 -0.701011
7.08 0.698988 0.715133 0.683527 0.714706 -0.867278 -0.715133
7.1 0.684547 0.728969 0.666244 0.728203 -0.861073 -0.728969
7.12 0.669831 0.742513 0.649084 0.741356 -0.854867 -0.742513
7.14 0.654848 0.755761 0.632049 0.754167 -0.848662 -0.755761
7.16 0.639603 0.768705 0.615138 0.766639 -0.842457 -0.768705
7.18 0.624102 0.781343 0.598351 0.778774 -0.836252 -0.781343
7.2 0.608351 0.793668 0.581688 0.790574 -0.830047 -0.793668
7.22 0.592357 0.805675 0.565149 0.802042 -0.823842 -0.805675
7.24 0.576126 0.817361 0.548734 0.813181 -0.817636 -0.817361
7.26 0.559665 0.828719 0.532443 0.823992 -0.811431 -0.828719
7.28 0.54298 0.839746 0.516277 0.834479 -0.805226 -0.839746
7.3 0.526078 0.850437 0.500234 0.844644 -0.799021 -0.850437
7.32 0.508965 0.860787 0.484316 0.854489 -0.792816 -0.860787
7.34 0.491648 0.870794 0.468522 0.864018 -0.786611 -0.870794
7.36 0.474135 0.880452 0.452852 0.873231 -0.780405 -0.880452
7.38 0.456433 0.889758 0.437305 0.882132 -0.7742 -0.889758
7.4 0.438547 0.898708 0.421884 0.890724 -0.767995 -0.898708
7.42 0.420487 0.907299 0.406586 0.899009 -0.76179 -0.907299
7.44 0.402258 0.915526 0.391412 0.906988 -0.755585 -0.915526
7.46 0.383868 0.923388 0.376362 0.914666 -0.74938 -0.923388
7.48 0.365325 0.93088 0.361437 0.922044 -0.743174 -0.93088
7.5 0.346635 0.938 0.346635 0.929124 -0.736969 -0.938
7.52 0.327807 0.944745 0.331698 0.935908 -0.756753 -0.944745
7.54 0.308848 0.951111 0.316365 0.94239 -0.776538 -0.951111
7.56 0.289765 0.957098 0.300637 0.94856 -0.796322 -0.957098
7.58 0.270567 0.962701 0.284512 0.954412 -0.816106 -0.962701
7.6 0.25126 0.96792 0.267992 0.959938 -0.83589 -0.96792
7.62 0.231852 0.972751 0.251077 0.965129 -0.855674 -0.972751
7.64 0.212352 0.977193 0.233765 0.969978 -0.875458 -0.977193
7.66 0.192767 0.981244 0.216058 0.974477 -0.895242 -0.981244
7.68 0.173105 0.984903 0.197956 0.978618 -0.915026 -0.984903
7.7 0.153374 0.988168 0.179457 0.982393 -0.93481 -0.988168
7.72 0.133581 0.991038 0.160563 0.985794 -0.954595 -0.991038
7.74 0.113735 0.993511 0.141274 0.988813 -0.974379 -0.993511
7.76 0.0938433 0.995587 0.121588 0.991442 -0.994163 -0.995587
7.78 0.0739142 0.997265 0.101507 0.993674 -1.01395 -0.997265
7.8 0.0539554 0.998543 0.0810303 0.9955 -1.03373 -0.998543
7.82 0.0339751 0.999423 0.0601578 0.996912 -1.05352 -0.999423
7.84 0.0139812 0.999902 0.0388897 0.997903 -1.0733 -0.999902
7.86 -0.00601833 0.999982 0.0172258 0.998465 -1.09308 -0.999982
7.88 -0.0260154 0.999662 -0.00483366 0.99859 -1.11287 -0.999662
7.9 -0.0460021 0.998941 -0.0272889 0.998269 -1.13265 -0.998941
7.92 -0.0659704 0.997822 -0.0501397 0.997496 -1.15244 -0.997822
7.94 -0.0859123 0.996303 -0.0733863 0.996261 -1.17222 -0.996303
7.96 -0.10582 0.994385 -0.0970285 0.994558 -1.192 -0.994385
7.98 -0.125685 0.99207 -0.121066 0.992377 -1.21179 -0.99207
8 -0.1455 0.989358 -0.1455 0.989712 -1.23157 -0.989358
8.02 -0.165257 0.986251 -0.169877 0.986558 -1.20609 -0.986251
8.04 -0.184947 0.982748 -0.193744 0.982921 -1.1806 -0.982748
8.06 -0.204564 0.978853 -0.217101 0.978811 -1.15512 -0.978853
8.08 -0.224099 0.974566 -0.239948 0.97424 -1.12964 -0.974566
8.1 -0.243544 0.96989 -0.262286 0.969217 -1.10415 -0.96989
8.12 -0.262892 0.964825 -0.284114 0.963752 -1.07867 -0.964825
8.14 -0.282135 0.959375 -0.305433 0.957856 -1.05319 -0.959375
8.16 -0.301264 0.953541 -0.326242 0.951538 -1.0277 -0.953541
8.18 -0.320274 0.947325 -0.346541 0.944809 -1.00222 -0.947325
8.2 -0.339155 0.940731 -0.366331 0.93768 -0.976733 -0.940731
8.22 -0.3579 0.93376 -0.38561 0.930159 -0.95125 -0.93376
8.24 -0.376503 0.926415 -0.404381 0.922259 -0.925766 -0.926415
8.26 -0.394955 0.918701 -0.422641 0.913988 -0.900282 -0.918701
8.28 -0.413248 0.910618 -0.440392 0.905356 -0.874798 -0.910618
8.3 -0.431377 0.902172 -0.457633 0.896375 -0.849314 -0.902172
8.32 -0.449333 0.893364 -0.474364 0.887055 -0.82383 -0.893364
8.34 -0.467109 0.8842 -0.490586 0.877404 -0.798346 -0.8842
8.36 -0.484698 0.874681 -0.506298 0.867435 -0.772862 -0.874681
8.38 -0.502094 0.864813 -0.521501 0.857156 -0.747379 -0.864813
8.4 -0.519289 0.854599 -0.536193 0.846578 -0.721895 -0.854599
8.42 -0.536276 0.844043 -0.550376 0.835711 -0.696411 -0.844043
8.44 -0.553048 0.833149 -0.56405 0.824566 -0.670927 -0.833149
8.46 -0.569599 0.821922 -0.577214 0.813153 -0.645443 -0.821922
8.48 -0.585923 0.810367 -0.589868 0.801481 -0.619959 -0.810367
8.5 -0.602012 0.798487 -0.602012 0.789561 -0.594475 -0.798487
8.52 -0.61786 0.786288 -0.61392 0.777402 -0.596376 -0.786288
8.54 -0.633461 0.773774 -0.625867 0.765004 -0.598277 -0.773774
8.56 -0.648809 0.760951 -0.637852 0.752367 -0.600178 -0.760951
8.58 -0.663897 0.747824 -0.649874 0.73949 -0.602079 -0.747824
8.6 -0.67872 0.734397 -0.661935 0.726372 -0.60398 -0.734397
8.62 -0.693271 0.720677 -0.674033 0.713012 -0.605881 -0.720677
8.64 -0.707545 0.706668 -0.68617 0.69941 -0.607782 -0.706668
8.66 -0.721536 0.692377 -0.698345 0.685565 -0.609683 -0.692377
8.68 -0.735238 0.677809 -0.710557 0.671476 -0.611584 -0.677809
8.7 -0.748647 0.662969 -0.722808 0.657143 -0.613484 -0.662969
8.72 -0.761755 0.647865 -0.735097 0.642564 -0.615385 -0.647865
8.74 -0.77456 0.632501 -0.747423 0.627739 -0.617286 -0.632501
8.76 -0.787054 0.616884 -0.759788 0.612667 -0.619187 -0.616884
8.78 -0.799233 0.601021 -0.772191 0.597347 -0.621088 -0.601021
8.8 -0.811093 0.584917 -0.784632 0.581779 -0.622989 -0.584917
8.82 -0.822628 0.568579 -0.79711 0.565961 -0.62489 -0.568579
8.84 -0.833835 0.552014 -0.809627 0.549894 -0.626791 -0.552014
8.86 -0.844707 0.535228 -0.822182 0.533576 -0.628692 -0.535228
8.88 -0.855242 0.518228 -0.834775 0.517007 -0.630593 -0.518228
8.9 -0.865435 0.501021 -0.847406 0.500185 -0.632494 -0.501021
8.92 -0.875282 0.483613 -0.860075 0.48311 -0.634394 -0.483613
8.94 -0.884778 0.466012 -0.872781 0.465782 -0.636295 -0.466012
8.96 -0.893921 0.448224 -0.885526 0.448199 -0.638196 -0.448224
8.98 -0.902706 0.430257 -0.898309 0.43036 -0.640097 -0.430257
9 -0.91113 0.412118 -0.91113 0.412266 -0.641998 -0.412118
