-3.000000e+00 -9.999779e-01
-2.875000e+00 -9.999521e-01
-2.750000e+00 -9.998993e-01
-2.625000e+00 -9.997946e-01
-2.500000e+00 -9.995930e-01
-2.375000e+00 -9.992170e-01
-2.250000e+00 -9.985372e-01
-2.125000e+00 -9.973458e-01
-2.000000e+00 -9.953221e-01
-1.875000e+00 -9.919900e-01
-1.750000e+00 -9.866717e-01
-1.625000e+00 -9.784438e-01
-1.500000e+00 -9.661053e-01
-1.375000e+00 -9.481702e-01
-1.250000e+00 -9.229002e-01
-1.125000e+00 -8.883882e-01
-1.000000e+00 -8.427007e-01
-8.750000e-01 -7.840749e-01
-7.500000e-01 -7.111556e-01
-6.250000e-01 -6.232410e-01
-5.000000e-01 -5.205000e-01
-3.750000e-01 -4.041169e-01
-2.500000e-01 -2.763263e-01
-1.250000e-01 -1.403162e-01
0.000000e+00 1.000000e-09
1.250000e-01 1.403162e-01
2.500000e-01 2.763263e-01
3.750000e-01 4.041169e-01
5.000000e-01 5.205000e-01
6.250000e-01 6.232410e-01
7.500000e-01 7.111556e-01
8.750000e-01 7.840749e-01
1.000000e+00 8.427007e-01
1.125000e+00 8.883882e-01
1.250000e+00 9.229002e-01
1.375000e+00 9.481702e-01
1.500000e+00 9.661053e-01
1.625000e+00 9.784438e-01
1.750000e+00 9.866717e-01
1.875000e+00 9.919900e-01
2.000000e+00 9.953221e-01
2.125000e+00 9.973458e-01
2.250000e+00 9.985372e-01
2.375000e+00 9.992170e-01
2.500000e+00 9.995930e-01
2.625000e+00 9.997946e-01
2.750000e+00 9.998993e-01
2.875000e+00 9.999521e-01
3.000000e+00 9.999779e-01


-4.992188e+00 -1.081082e+00
-4.976562e+00 -3.703774e-01
-4.960938e+00 -2.285771e-01
-4.945312e+00 -1.680631e-01
-4.929688e+00 -1.346564e-01
-4.914062e+00 -1.135818e-01
-4.898438e+00 -9.915720e-02
-4.882812e+00 -8.873177e-02
-4.867188e+00 -8.090273e-02
-4.851562e+00 -7.485862e-02
-4.835938e+00 -7.009779e-02
-4.820312e+00 -6.629371e-02
-4.804688e+00 -6.322503e-02
-4.789062e+00 -6.073669e-02
-4.773438e+00 -5.871708e-02
-4.757812e+00 -5.708415e-02
-4.742188e+00 -5.577650e-02
-4.726562e+00 -5.474757e-02
-4.710938e+00 -5.396171e-02
-4.695312e+00 -5.339149e-02
-4.679688e+00 -5.301577e-02
-4.664062e+00 -5.281838e-02
-4.648438e+00 -5.278712e-02
-4.632812e+00 -5.291306e-02
-4.617188e+00 -5.319002e-02
-4.601562e+00 -5.361417e-02
-4.585938e+00 -5.418381e-02
-4.570312e+00 -5.489919e-02
-4.554688e+00 -5.576237e-02
-4.539062e+00 -5.677721e-02
-4.523438e+00 -5.794937e-02
-4.507812e+00 -5.928638e-02
-4.492188e+00 -6.079776e-02
-4.476562e+00 -6.249519e-02
-4.460938e+00 -6.439274e-02
-4.445312e+00 -6.650722e-02
-4.429688e+00 -6.885853e-02
-4.414062e+00 -7.147019e-02
-4.398438e+00 -7.437001e-02
-4.382812e+00 -7.759085e-02
-4.367188e+00 -8.117164e-02
-4.351562e+00 -8.515877e-02
-4.335938e+00 -8.960766e-02
-4.320312e+00 -9.458504e-02
-4.304688e+00 -1.001717e-01
-4.289062e+00 -1.064665e-01
-4.273438e+00 -1.135912e-01
-4.257812e+00 -1.216975e-01
-4.242188e+00 -1.309768e-01
-4.226562e+00 -1.416738e-01
-4.210938e+00 -1.541062e-01
-4.195312e+00 -1.686940e-01
-4.179688e+00 -1.860038e-01
-4.164062e+00 -2.068188e-01
-4.148438e+00 -2.322529e-01
-4.132812e+00 -2.639447e-01
-4.117188e+00 -3.044081e-01
-4.101562e+00 -3.577053e-01
-4.085938e+00 -4.308544e-01
-4.070312e+00 -5.371135e-01
-4.054688e+00 -7.048962e-01
-4.039062e+00 -1.008081e+00
-4.023438e+00 -1.717565e+00
-4.007812e+00 -5.271440e+00
-3.992188e+00 5.396964e+00
-3.976562e+00 1.843206e+00
-3.960938e+00 1.133957e+00
-3.945312e+00 8.311244e-01
-3.929688e+00 6.638138e-01
-3.914062e+00 5.581478e-01
-3.898438e+00 4.857153e-01
-3.882812e+00 4.332606e-01
-3.867188e+00 3.937688e-01
-3.851562e+00 3.631813e-01
-3.835938e+00 3.389885e-01
-3.820312e+00 3.195564e-01
-3.804688e+00 3.037765e-01
-3.789062e+00 2.908718e-01
-3.773438e+00 2.802823e-01
-3.757812e+00 2.715957e-01
-3.742188e+00 2.645026e-01
-3.726562e+00 2.587678e-01
-3.710938e+00 2.542103e-01
-3.695312e+00 2.506897e-01
-3.679688e+00 2.480972e-01
-3.664062e+00 2.463482e-01
-3.648438e+00 2.453776e-01
-3.632812e+00 2.451363e-01
-3.617188e+00 2.455883e-01
-3.601562e+00 2.467089e-01
-3.585938e+00 2.484836e-01
-3.570312e+00 2.509065e-01
-3.554688e+00 2.539802e-01
-3.539062e+00 2.577153e-01
-3.523438e+00 2.621304e-01
-3.507812e+00 2.672519e-01
-3.492188e+00 2.731150e-01
-3.476562e+00 2.797636e-01
-3.460938e+00 2.872520e-01
-3.445312e+00 2.956454e-01
-3.429688e+00 3.050218e-01
-3.414062e+00 3.154739e-01
-3.398438e+00 3.271119e-01
-3.382812e+00 3.400661e-01
-3.367188e+00 3.544918e-01
-3.351562e+00 3.705737e-01
-3.335938e+00 3.885332e-01
-3.320312e+00 4.086369e-01
-3.304688e+00 4.312081e-01
-3.289062e+00 4.566416e-01
-3.273438e+00 4.854248e-01
-3.257812e+00 5.181650e-01
-3.242188e+00 5.556280e-01
-3.226562e+00 5.987930e-01
-3.210938e+00 6.489315e-01
-3.195312e+00 7.077240e-01
-3.179688e+00 7.774377e-01
-3.164062e+00 8.612065e-01
-3.148438e+00 9.634864e-01
-3.132812e+00 1.090834e+00
-3.117188e+00 1.253305e+00
-3.101562e+00 1.467151e+00
-3.085938e+00 1.760444e+00
-3.070312e+00 2.186220e+00
-3.054688e+00 2.858134e+00
-3.039062e+00 4.071703e+00
-3.023438e+00 6.910515e+00
-3.007812e+00 2.112694e+01
-2.992188e+00 -2.154569e+01
-2.976562e+00 -7.329625e+00
-2.960938e+00 -4.491532e+00
-2.945312e+00 -3.279045e+00
-2.929688e+00 -2.608581e+00
-2.914062e+00 -2.184626e+00
-2.898438e+00 -1.893531e+00
-2.882812e+00 -1.682270e+00
-2.867188e+00 -1.522778e+00
-2.851562e+00 -1.398815e+00
-2.835938e+00 -1.300339e+00
-2.820312e+00 -1.220805e+00
-2.804688e+00 -1.155775e+00
-2.789062e+00 -1.102131e+00
-2.773438e+00 -1.057628e+00
-2.757812e+00 -1.020606e+00
-2.742188e+00 -9.898184e-01
-2.726562e+00 -9.643144e-01
-2.710938e+00 -9.433584e-01
-2.695312e+00 -9.263768e-01
-2.679688e+00 -9.129202e-01
-2.664062e+00 -9.026353e-01
-2.648438e+00 -8.952450e-01
-2.632812e+00 -8.905342e-01
-2.617188e+00 -8.883389e-01
-2.601562e+00 -8.885377e-01
-2.585938e+00 -8.910466e-01
-2.570312e+00 -8.958145e-01
-2.554688e+00 -9.028202e-01
-2.539062e+00 -9.120706e-01
-2.523438e+00 -9.236000e-01
-2.507812e+00 -9.374696e-01
-2.492188e+00 -9.537686e-01
-2.476562e+00 -9.726157e-01
-2.460938e+00 -9.941612e-01
-2.445312e+00 -1.018591e+00
-2.429688e+00 -1.046129e+00
-2.414062e+00 -1.077048e+00
-2.398438e+00 -1.111669e+00
-2.382812e+00 -1.150380e+00
-2.367188e+00 -1.193640e+00
-2.351562e+00 -1.242001e+00
-2.335938e+00 -1.296123e+00
-2.320312e+00 -1.356802e+00
-2.304688e+00 -1.425008e+00
-2.289062e+00 -1.501923e+00
-2.273438e+00 -1.589008e+00
-2.257812e+00 -1.688084e+00
-2.242188e+00 -1.801450e+00
-2.226562e+00 -1.932043e+00
-2.210938e+00 -2.083679e+00
-2.195312e+00 -2.261399e+00
-2.179688e+00 -2.472009e+00
-2.164062e+00 -2.724911e+00
-2.148438e+00 -3.033477e+00
-2.132812e+00 -3.417378e+00
-2.117188e+00 -3.906787e+00
-2.101562e+00 -4.550460e+00
-2.085938e+00 -5.432621e+00
-2.070312e+00 -6.712379e+00
-2.054688e+00 -8.730705e+00
-2.039062e+00 -1.237416e+01
-2.023438e+00 -2.089351e+01
-2.007812e+00 -6.354588e+01
-1.992188e+00 6.446875e+01
-1.976562e+00 2.181709e+01
-1.960938e+00 1.329915e+01
-1.945312e+00 9.657814e+00
-1.929688e+00 7.642326e+00
-1.914062e+00 6.366135e+00
-1.898438e+00 5.488281e+00
-1.882812e+00 4.849668e+00
-1.867188e+00 4.366089e+00
-1.851562e+00 3.988810e+00
-1.835938e+00 3.687679e+00
-1.820312e+00 3.443052e+00
-1.804688e+00 3.241587e+00
-1.789062e+00 3.073913e+00
-1.773438e+00 2.933264e+00
-1.757812e+00 2.814639e+00
-1.742188e+00 2.714268e+00
-1.726562e+00 2.629264e+00
-1.710938e+00 2.557386e+00
-1.695312e+00 2.496875e+00
-1.679688e+00 2.446341e+00
-1.664062e+00 2.404677e+00
-1.648438e+00 2.371000e+00
-1.632812e+00 2.344610e+00
-1.617188e+00 2.324949e+00
-1.601562e+00 2.311586e+00
-1.585938e+00 2.304191e+00
-1.570312e+00 2.302523e+00
-1.554688e+00 2.306423e+00
-1.539062e+00 2.315804e+00
-1.523438e+00 2.330647e+00
-1.507812e+00 2.350998e+00
-1.492188e+00 2.376970e+00
-1.476562e+00 2.408744e+00
-1.460938e+00 2.446569e+00
-1.445312e+00 2.490773e+00
-1.429688e+00 2.541767e+00
-1.414062e+00 2.600060e+00
-1.398438e+00 2.666269e+00
-1.382812e+00 2.741140e+00
-1.367188e+00 2.825570e+00
-1.351562e+00 2.920643e+00
-1.335938e+00 3.027661e+00
-1.320312e+00 3.148205e+00
-1.304688e+00 3.284198e+00
-1.289062e+00 3.437995e+00
-1.273438e+00 3.612510e+00
-1.257812e+00 3.811378e+00
-1.242188e+00 4.039189e+00
-1.226562e+00 4.301815e+00
-1.210938e+00 4.606883e+00
-1.195312e+00 4.964478e+00
-1.179688e+00 5.388207e+00
-1.164062e+00 5.896878e+00
-1.148438e+00 6.517235e+00
-1.132812e+00 7.288626e+00
-1.117188e+00 8.271401e+00
-1.101562e+00 9.563076e+00
-1.085938e+00 1.133211e+01
-1.070312e+00 1.389672e+01
-1.054688e+00 1.793887e+01
-1.039062e+00 2.523168e+01
-1.023438e+00 4.227671e+01
-1.007812e+00 1.275882e+02
-9.921875e-01 -1.284338e+02
-9.765625e-01 -4.312284e+01
-9.609375e-01 -2.607879e+01
-9.453125e-01 -1.878747e+01
-9.296875e-01 -1.474730e+01
-9.140625e-01 -1.218518e+01
-8.984375e-01 -1.041916e+01
-8.828125e-01 -9.131016e+00
-8.671875e-01 -8.152307e+00
-8.515625e-01 -7.385530e+00
-8.359375e-01 -6.770349e+00
-8.203125e-01 -6.267431e+00
-8.046875e-01 -5.850051e+00
-7.890625e-01 -5.499423e+00
-7.734375e-01 -5.201961e+00
-7.578125e-01 -4.947608e+00
-7.421875e-01 -4.728763e+00
-7.265625e-01 -4.539588e+00
-7.109375e-01 -4.375527e+00
-6.953125e-01 -4.232983e+00
-6.796875e-01 -4.109088e+00
-6.640625e-01 -4.001532e+00
-6.484375e-01 -3.908446e+00
-6.328125e-01 -3.828308e+00
-6.171875e-01 -3.759879e+00
-6.015625e-01 -3.702150e+00
-5.859375e-01 -3.654303e+00
-5.703125e-01 -3.615681e+00
-5.546875e-01 -3.585768e+00
-5.390625e-01 -3.564168e+00
-5.234375e-01 -3.550595e+00
-5.078125e-01 -3.544864e+00
-4.921875e-01 -3.546885e+00
-4.765625e-01 -3.556660e+00
-4.609375e-01 -3.574284e+00
-4.453125e-01 -3.599945e+00
-4.296875e-01 -3.633933e+00
-4.140625e-01 -3.676648e+00
-3.984375e-01 -3.728611e+00
-3.828125e-01 -3.790482e+00
-3.671875e-01 -3.863085e+00
-3.515625e-01 -3.947431e+00
-3.359375e-01 -4.044766e+00
-3.203125e-01 -4.156615e+00
-3.046875e-01 -4.284852e+00
-2.890625e-01 -4.431791e+00
-2.734375e-01 -4.600306e+00
-2.578125e-01 -4.793999e+00
-2.421875e-01 -5.017430e+00
-2.265625e-01 -5.276445e+00
-2.109375e-01 -5.578648e+00
-1.953125e-01 -5.934103e+00
-1.796875e-01 -6.356401e+00
-1.640625e-01 -6.864335e+00
-1.484375e-01 -7.484638e+00
-1.328125e-01 -8.256646e+00
-1.171875e-01 -9.240706e+00
-1.015625e-01 -1.053433e+01
-8.593750e-02 -1.230596e+01
-7.031250e-02 -1.487383e+01
-5.468750e-02 -1.891990e+01
-3.906250e-02 -2.621730e+01
-2.343750e-02 -4.326757e+01
-7.812500e-03 -1.285850e+02
7.812500e-03 1.274305e+02
2.343750e-02 4.211215e+01
3.906250e-02 2.506009e+01
5.468750e-02 1.776003e+01
7.031250e-02 1.371038e+01
8.593750e-02 1.113802e+01
1.015625e-01 9.360962e+00
1.171875e-01 8.060975e+00
1.328125e-01 7.069579e+00
1.484375e-01 6.289241e+00
1.640625e-01 5.659588e+00
1.796875e-01 5.141252e+00
1.953125e-01 4.707463e+00
2.109375e-01 4.339388e+00
2.265625e-01 4.023392e+00
2.421875e-01 3.749359e+00
2.578125e-01 3.509629e+00
2.734375e-01 3.298294e+00
2.890625e-01 3.110726e+00
3.046875e-01 2.943246e+00
3.203125e-01 2.792896e+00
3.359375e-01 2.657268e+00
3.515625e-01 2.534383e+00
3.671875e-01 2.422601e+00
3.828125e-01 2.320550e+00
3.984375e-01 2.227075e+00
4.140625e-01 2.141193e+00
4.296875e-01 2.062068e+00
4.453125e-01 1.988981e+00
4.609375e-01 1.921309e+00
4.765625e-01 1.858514e+00
4.921875e-01 1.800126e+00
5.078125e-01 1.745733e+00
5.234375e-01 1.694971e+00
5.390625e-01 1.647521e+00
5.546875e-01 1.603100e+00
5.703125e-01 1.561456e+00
5.859375e-01 1.522362e+00
6.015625e-01 1.485618e+00
6.171875e-01 1.451044e+00
6.328125e-01 1.418476e+00
6.484375e-01 1.387769e+00
6.640625e-01 1.358789e+00
6.796875e-01 1.331416e+00
6.953125e-01 1.305541e+00
7.109375e-01 1.281064e+00
7.265625e-01 1.257896e+00
7.421875e-01 1.235953e+00
7.578125e-01 1.215159e+00
7.734375e-01 1.195445e+00
7.890625e-01 1.176746e+00
8.046875e-01 1.159004e+00
8.203125e-01 1.142166e+00
8.359375e-01 1.126180e+00
8.515625e-01 1.111001e+00
8.671875e-01 1.096586e+00
8.828125e-01 1.082895e+00
8.984375e-01 1.069892e+00
9.140625e-01 1.057543e+00
9.296875e-01 1.045816e+00
9.453125e-01 1.034682e+00
9.609375e-01 1.024113e+00
9.765625e-01 1.014084e+00
9.921875e-01 1.004570e+00
1.007812e+00 9.955504e-01
1.023438e+00 9.870034e-01
1.039062e+00 9.789098e-01
1.054688e+00 9.712514e-01
1.070312e+00 9.640112e-01
1.085938e+00 9.571733e-01
1.101562e+00 9.507227e-01
1.117188e+00 9.446455e-01
1.132812e+00 9.389284e-01
1.148438e+00 9.335592e-01
1.164062e+00 9.285262e-01
1.179688e+00 9.238187e-01
1.195312e+00 9.194264e-01
1.210938e+00 9.153397e-01
1.226562e+00 9.115497e-01
1.242188e+00 9.080478e-01
1.257812e+00 9.048262e-01
1.273438e+00 9.018774e-01
1.289062e+00 8.991943e-01
1.304688e+00 8.967704e-01
1.320312e+00 8.945995e-01
1.335938e+00 8.926758e-01
1.351562e+00 8.909940e-01
1.367188e+00 8.895489e-01
1.382812e+00 8.883357e-01
1.398438e+00 8.873500e-01
1.414062e+00 8.865877e-01
1.429688e+00 8.860449e-01
1.445312e+00 8.857179e-01
1.460938e+00 8.856034e-01
1.476562e+00 8.856983e-01
1.492188e+00 8.859997e-01
1.507812e+00 8.865048e-01
1.523438e+00 8.872114e-01
1.539062e+00 8.881170e-01
1.554688e+00 8.892197e-01
1.570312e+00 8.905176e-01
1.585938e+00 8.920090e-01
1.601562e+00 8.936923e-01
1.617188e+00 8.955662e-01
1.632812e+00 8.976296e-01
1.648438e+00 8.998813e-01
1.664062e+00 9.023206e-01
1.679688e+00 9.049466e-01
1.695312e+00 9.077588e-01
1.710938e+00 9.107568e-01
1.726562e+00 9.139402e-01
1.742188e+00 9.173088e-01
1.757812e+00 9.208626e-01
1.773438e+00 9.246016e-01
1.789062e+00 9.285261e-01
1.804688e+00 9.326364e-01
1.820312e+00 9.369328e-01
1.835938e+00 9.414161e-01
1.851562e+00 9.460867e-01
1.867188e+00 9.509455e-01
1.882812e+00 9.559935e-01
1.898438e+00 9.612315e-01
1.914062e+00 9.666608e-01
1.929688e+00 9.722825e-01
1.945312e+00 9.780980e-01
1.960938e+00 9.841087e-01
1.976562e+00 9.903162e-01
1.992188e+00 9.967221e-01
2.007812e+00 1.003328e+00
2.023438e+00 1.010136e+00
2.039062e+00 1.017148e+00
2.054688e+00 1.024367e+00
2.070312e+00 1.031793e+00
2.085938e+00 1.039430e+00
2.101562e+00 1.047281e+00
2.117188e+00 1.055346e+00
2.132812e+00 1.063630e+00
2.148438e+00 1.072134e+00
2.164062e+00 1.080863e+00
2.179688e+00 1.089817e+00
2.195312e+00 1.099002e+00
2.210938e+00 1.108419e+00
2.226562e+00 1.118073e+00
2.242188e+00 1.127966e+00
2.257812e+00 1.138102e+00
2.273438e+00 1.148484e+00
2.289062e+00 1.159118e+00
2.304688e+00 1.170005e+00
2.320312e+00 1.181151e+00
2.335938e+00 1.192559e+00
2.351562e+00 1.204234e+00
2.367188e+00 1.216180e+00
2.382812e+00 1.228402e+00
2.398438e+00 1.240904e+00
2.414062e+00 1.253690e+00
2.429688e+00 1.266767e+00
2.445312e+00 1.280139e+00
2.460938e+00 1.293811e+00
2.476562e+00 1.307789e+00
2.492188e+00 1.322078e+00
2.507812e+00 1.336683e+00
2.523438e+00 1.351611e+00
2.539062e+00 1.366868e+00
2.554688e+00 1.382459e+00
2.570312e+00 1.398391e+00
2.585938e+00 1.414670e+00
2.601562e+00 1.431304e+00
2.617188e+00 1.448298e+00
2.632812e+00 1.465661e+00
2.648438e+00 1.483398e+00
2.664062e+00 1.501518e+00
2.679688e+00 1.520028e+00
2.695312e+00 1.538935e+00
2.710938e+00 1.558248e+00
2.726562e+00 1.577975e+00
2.742188e+00 1.598124e+00
2.757812e+00 1.618704e+00
2.773438e+00 1.639723e+00
2.789062e+00 1.661191e+00
2.804688e+00 1.683117e+00
2.820312e+00 1.705511e+00
2.835938e+00 1.728381e+00
2.851562e+00 1.751739e+00
2.867188e+00 1.775594e+00
2.882812e+00 1.799956e+00
2.898438e+00 1.824838e+00
2.914062e+00 1.850249e+00
2.929688e+00 1.876201e+00
2.945312e+00 1.902706e+00
2.960938e+00 1.929776e+00
2.976562e+00 1.957422e+00
2.992188e+00 1.985657e+00
3.007812e+00 2.014495e+00
3.023438e+00 2.043948e+00
3.039062e+00 2.074029e+00
3.054688e+00 2.104754e+00
3.070312e+00 2.136135e+00
3.085938e+00 2.168187e+00
3.101562e+00 2.200925e+00
3.117188e+00 2.234366e+00
3.132812e+00 2.268523e+00
3.148438e+00 2.303414e+00
3.164062e+00 2.339054e+00
3.179688e+00 2.375461e+00
3.195312e+00 2.412653e+00
3.210938e+00 2.450646e+00
3.226562e+00 2.489459e+00
3.242188e+00 2.529111e+00
3.257812e+00 2.569620e+00
3.273438e+00 2.611008e+00
3.289062e+00 2.653293e+00
3.304688e+00 2.696496e+00
3.320312e+00 2.740639e+00
3.335938e+00 2.785744e+00
3.351562e+00 2.831832e+00
3.367188e+00 2.878926e+00
3.382812e+00 2.927051e+00
3.398438e+00 2.976230e+00
3.414062e+00 3.026487e+00
3.429688e+00 3.077849e+00
3.445312e+00 3.130340e+00
3.460938e+00 3.183989e+00
3.476562e+00 3.238821e+00
3.492188e+00 3.294865e+00
3.507812e+00 3.352151e+00
3.523438e+00 3.410706e+00
3.539062e+00 3.470562e+00
3.554688e+00 3.531750e+00
3.570312e+00 3.594302e+00
3.585938e+00 3.658249e+00
3.601562e+00 3.723627e+00
3.617188e+00 3.790469e+00
3.632812e+00 3.858810e+00
3.648438e+00 3.928687e+00
3.664062e+00 4.000137e+00
3.679688e+00 4.073199e+00
3.695312e+00 4.147910e+00
3.710938e+00 4.224313e+00
3.726562e+00 4.302447e+00
3.742188e+00 4.382355e+00
3.757812e+00 4.464081e+00
3.773438e+00 4.547670e+00
3.789062e+00 4.633166e+00
3.804688e+00 4.720618e+00
3.820312e+00 4.810073e+00
3.835938e+00 4.901581e+00
3.851562e+00 4.995192e+00
3.867188e+00 5.090960e+00
3.882812e+00 5.188937e+00
3.898438e+00 5.289179e+00
3.914062e+00 5.391742e+00
3.929688e+00 5.496684e+00
3.945312e+00 5.604065e+00
3.960938e+00 5.713945e+00
3.976562e+00 5.826388e+00
3.992188e+00 5.941459e+00
4.007812e+00 6.059223e+00
4.023438e+00 6.179748e+00
4.039062e+00 6.303105e+00
4.054688e+00 6.429364e+00
4.070312e+00 6.558600e+00
4.085938e+00 6.690889e+00
4.101562e+00 6.826308e+00
4.117188e+00 6.964937e+00
4.132812e+00 7.106857e+00
4.148438e+00 7.252154e+00
4.164062e+00 7.400914e+00
4.179688e+00 7.553225e+00
4.195312e+00 7.709179e+00
4.210938e+00 7.868870e+00
4.226562e+00 8.032394e+00
4.242188e+00 8.199851e+00
4.257812e+00 8.371341e+00
4.273438e+00 8.546970e+00
4.289062e+00 8.726845e+00
4.304688e+00 8.911077e+00
4.320312e+00 9.099778e+00
4.335938e+00 9.293066e+00
4.351562e+00 9.491061e+00
4.367188e+00 9.693885e+00
4.382812e+00 9.901664e+00
4.398438e+00 1.011453e+01
4.414062e+00 1.033262e+01
4.429688e+00 1.055606e+01
4.445312e+00 1.078500e+01
4.460938e+00 1.101959e+01
4.476562e+00 1.125996e+01
4.492188e+00 1.150629e+01
4.507812e+00 1.175872e+01
4.523438e+00 1.201741e+01
4.539062e+00 1.228254e+01
4.554688e+00 1.255427e+01
4.570312e+00 1.283278e+01
4.585938e+00 1.311825e+01
4.601562e+00 1.341088e+01
4.617188e+00 1.371084e+01
4.632812e+00 1.401833e+01
4.648438e+00 1.433357e+01
4.664062e+00 1.465675e+01
4.679688e+00 1.498810e+01
4.695312e+00 1.532783e+01
4.710938e+00 1.567616e+01
4.726562e+00 1.603334e+01
4.742188e+00 1.639960e+01
4.757812e+00 1.677518e+01
4.773438e+00 1.716035e+01
4.789062e+00 1.755536e+01
4.804688e+00 1.796048e+01
4.820312e+00 1.837598e+01
4.835938e+00 1.880216e+01
4.851562e+00 1.923930e+01
4.867188e+00 1.968770e+01
4.882812e+00 2.014767e+01
4.898438e+00 2.061953e+01
4.914062e+00 2.110361e+01
4.929688e+00 2.160025e+01
4.945312e+00 2.210979e+01
4.960938e+00 2.263258e+01
4.976562e+00 2.316900e+01
4.992188e+00 2.371942e+01
5.007812e+00 2.428423e+01
5.023438e+00 2.486383e+01
5.039062e+00 2.545863e+01
5.054688e+00 2.606906e+01
5.070312e+00 2.669555e+01
5.085938e+00 2.733855e+01
5.101562e+00 2.799853e+01
5.117188e+00 2.867595e+01
5.132812e+00 2.937131e+01
5.148438e+00 3.008511e+01
5.164062e+00 3.081787e+01
5.179688e+00 3.157012e+01
5.195312e+00 3.234241e+01
5.210938e+00 3.313532e+01
5.226562e+00 3.394942e+01
5.242188e+00 3.478530e+01
5.257812e+00 3.564360e+01
5.273438e+00 3.652494e+01
5.289062e+00 3.742999e+01
5.304688e+00 3.835940e+01
5.320312e+00 3.931389e+01
5.335938e+00 4.029416e+01
5.351562e+00 4.130094e+01
5.367188e+00 4.233501e+01
5.382812e+00 4.339714e+01
5.398438e+00 4.448813e+01
5.414062e+00 4.560881e+01
5.429688e+00 4.676004e+01
5.445312e+00 4.794270e+01
5.460938e+00 4.915768e+01
5.476562e+00 5.040593e+01
5.492188e+00 5.168840e+01
5.507812e+00 5.300608e+01
5.523438e+00 5.436000e+01
5.539062e+00 5.575120e+01
5.554688e+00 5.718077e+01
5.570312e+00 5.864982e+01
5.585938e+00 6.015949e+01
5.601562e+00 6.171098e+01
5.617188e+00 6.330550e+01
5.632812e+00 6.494431e+01
5.648438e+00 6.662870e+01
5.664062e+00 6.836001e+01
5.679688e+00 7.013962e+01
5.695312e+00 7.196893e+01
5.710938e+00 7.384941e+01
5.726562e+00 7.578257e+01
5.742188e+00 7.776996e+01
5.757812e+00 7.981317e+01
5.773438e+00 8.191385e+01
5.789062e+00 8.407370e+01
5.804688e+00 8.629447e+01
5.820312e+00 8.857797e+01
5.835938e+00 9.092606e+01
5.851562e+00 9.334064e+01
5.867188e+00 9.582371e+01
5.882812e+00 9.837729e+01
5.898438e+00 1.010035e+02
5.914062e+00 1.037045e+02
5.929688e+00 1.064825e+02
5.945312e+00 1.093398e+02
5.960938e+00 1.122788e+02
5.976562e+00 1.153020e+02
5.992188e+00 1.184118e+02
6.007812e+00 1.216109e+02
6.023438e+00 1.249019e+02
6.039062e+00 1.282876e+02
6.054688e+00 1.317710e+02
6.070312e+00 1.353548e+02
6.085938e+00 1.390422e+02
6.101562e+00 1.428362e+02
6.117188e+00 1.467402e+02
6.132812e+00 1.507574e+02
6.148438e+00 1.548913e+02
6.164062e+00 1.591454e+02
6.179688e+00 1.635234e+02
6.195312e+00 1.680290e+02
6.210938e+00 1.726661e+02
6.226562e+00 1.774387e+02
6.242188e+00 1.823511e+02
6.257812e+00 1.874074e+02
6.273438e+00 1.926120e+02
6.289062e+00 1.979695e+02
6.304688e+00 2.034846e+02
6.320312e+00 2.091622e+02
6.335938e+00 2.150071e+02
6.351562e+00 2.210246e+02
6.367188e+00 2.272199e+02
6.382812e+00 2.335987e+02
6.398438e+00 2.401664e+02
6.414062e+00 2.469290e+02
6.429688e+00 2.538924e+02
6.445312e+00 2.610630e+02
6.460938e+00 2.684470e+02
6.476562e+00 2.760512e+02
6.492188e+00 2.838824e+02
6.507812e+00 2.919476e+02
6.523438e+00 3.002541e+02
6.539062e+00 3.088094e+02
6.554688e+00 3.176213e+02
6.570312e+00 3.266978e+02
6.585938e+00 3.360472e+02
6.601562e+00 3.456779e+02
6.617188e+00 3.555989e+02
6.632812e+00 3.658191e+02
6.648438e+00 3.763481e+02
6.664062e+00 3.871954e+02
6.679688e+00 3.983711e+02
6.695312e+00 4.098855e+02
6.710938e+00 4.217494e+02
6.726562e+00 4.339736e+02
6.742188e+00 4.465697e+02
6.757812e+00 4.595492e+02
6.773438e+00 4.729245e+02
6.789062e+00 4.867079e+02
6.804688e+00 5.009124e+02
6.820312e+00 5.155515e+02
6.835938e+00 5.306388e+02
6.851562e+00 5.461886e+02
6.867188e+00 5.622157e+02
6.882812e+00 5.787352e+02
6.898438e+00 5.957628e+02
6.914062e+00 6.133148e+02
6.929688e+00 6.314078e+02
6.945312e+00 6.500593e+02
6.960938e+00 6.692870e+02
6.976562e+00 6.891094e+02
6.992188e+00 7.095456e+02
7.007812e+00 7.306153e+02
7.023438e+00 7.523388e+02
7.039062e+00 7.747371e+02
7.054688e+00 7.978320e+02
7.070312e+00 8.216459e+02
7.085938e+00 8.462020e+02
7.101562e+00 8.715243e+02
7.117188e+00 8.976374e+02
7.132812e+00 9.245670e+02
7.148438e+00 9.523395e+02
7.164062e+00 9.809821e+02
7.179688e+00 1.010523e+03
7.195312e+00 1.040992e+03
7.210938e+00 1.072418e+03
7.226562e+00 1.104833e+03
7.242188e+00 1.138270e+03
7.257812e+00 1.172760e+03
7.273438e+00 1.208339e+03
7.289062e+00 1.245043e+03
7.304688e+00 1.282907e+03
7.320312e+00 1.321970e+03
7.335938e+00 1.362272e+03
7.351562e+00 1.403851e+03
7.367188e+00 1.446752e+03
7.382812e+00 1.491016e+03
7.398438e+00 1.536690e+03
7.414062e+00 1.583818e+03
7.429688e+00 1.632449e+03
7.445312e+00 1.682632e+03
7.460938e+00 1.734419e+03
7.476562e+00 1.787863e+03
7.492188e+00 1.843018e+03
7.507812e+00 1.899940e+03
7.523438e+00 1.958689e+03
7.539062e+00 2.019324e+03
7.554688e+00 2.081908e+03
7.570312e+00 2.146507e+03
7.585938e+00 2.213186e+03
7.601562e+00 2.282014e+03
7.617188e+00 2.353064e+03
7.632812e+00 2.426410e+03
7.648438e+00 2.502127e+03
7.664062e+00 2.580294e+03
7.679688e+00 2.660994e+03
7.695312e+00 2.744312e+03
7.710938e+00 2.830334e+03
7.726562e+00 2.919151e+03
7.742188e+00 3.010856e+03
7.757812e+00 3.105548e+03
7.773438e+00 3.203324e+03
7.789062e+00 3.304290e+03
7.804688e+00 3.408553e+03
7.820312e+00 3.516222e+03
7.835938e+00 3.627414e+03
7.851562e+00 3.742245e+03
7.867188e+00 3.860840e+03
7.882812e+00 3.983326e+03
7.898438e+00 4.109832e+03
7.914062e+00 4.240497e+03
7.929688e+00 4.375459e+03
7.945312e+00 4.514865e+03
7.960938e+00 4.658865e+03
7.976562e+00 4.807615e+03
7.992188e+00 4.961276e+03


1.562500e-02 4.150063e+00
3.125000e-02 3.448489e+00
4.687500e-02 3.034981e+00
6.250000e-02 2.739632e+00
7.812500e-02 2.509189e+00
9.375000e-02 2.319928e+00
1.093750e-01 2.159191e+00
1.250000e-01 2.019418e+00
1.406250e-01 1.895733e+00
1.562500e-01 1.784803e+00
1.718750e-01 1.684250e+00
1.875000e-01 1.592315e+00
2.031250e-01 1.507663e+00
2.187500e-01 1.429253e+00
2.343750e-01 1.356262e+00
2.500000e-01 1.288023e+00
2.656250e-01 1.223989e+00
2.812500e-01 1.163710e+00
2.968750e-01 1.106804e+00
3.125000e-01 1.052949e+00
3.281250e-01 1.001872e+00
3.437500e-01 9.533329e-01
3.593750e-01 9.071271e-01
3.750000e-01 8.630740e-01
3.906250e-01 8.210150e-01
4.062500e-01 7.808100e-01
4.218750e-01 7.423341e-01
4.375000e-01 7.054761e-01
4.531250e-01 6.701361e-01
4.687500e-01 6.362239e-01
4.843750e-01 6.036581e-01
5.000000e-01 5.723649e-01
5.156250e-01 5.422770e-01
5.312500e-01 5.133329e-01
5.468750e-01 4.854763e-01
5.625000e-01 4.586555e-01
5.781250e-01 4.328227e-01
5.937500e-01 4.079341e-01
6.093750e-01 3.839490e-01
6.250000e-01 3.608295e-01
6.406250e-01 3.385406e-01
6.562500e-01 3.170495e-01
6.718750e-01 2.963258e-01
6.875000e-01 2.763411e-01
7.031250e-01 2.570685e-01
7.187500e-01 2.384830e-01
7.343750e-01 2.205612e-01
7.500000e-01 2.032809e-01
7.656250e-01 1.866213e-01
7.812500e-01 1.705627e-01
7.968750e-01 1.550866e-01
8.125000e-01 1.401753e-01
8.281250e-01 1.258122e-01
8.437500e-01 1.119816e-01
8.593750e-01 9.866853e-02
8.750000e-01 8.585870e-02
8.906250e-01 7.353860e-02
9.062500e-01 6.169536e-02
9.218750e-01 5.031669e-02
9.375000e-01 3.939090e-02
9.531250e-01 2.890678e-02
9.687500e-01 1.885367e-02
9.843750e-01 9.221331e-03
1.000000e+00 -1.093510e-08
1.015625e+00 -8.819721e-03
1.031250e+00 -1.724679e-02
1.046875e+00 -2.528982e-02
1.062500e+00 -3.295711e-02
1.078125e+00 -4.025659e-02
1.093750e+00 -4.719591e-02
1.109375e+00 -5.378242e-02
1.125000e+00 -6.002319e-02
1.140625e+00 -6.592505e-02
1.156250e+00 -7.149455e-02
1.171875e+00 -7.673803e-02
1.187500e+00 -8.166160e-02
1.203125e+00 -8.627117e-02
1.218750e+00 -9.057242e-02
1.234375e+00 -9.457088e-02
1.250000e+00 -9.827185e-02
1.265625e+00 -1.016805e-01
1.281250e+00 -1.048018e-01
1.296875e+00 -1.076406e-01
1.312500e+00 -1.102015e-01
1.328125e+00 -1.124891e-01
1.343750e+00 -1.145078e-01
1.359375e+00 -1.162618e-01
1.375000e+00 -1.177553e-01
1.390625e+00 -1.189922e-01
1.406250e+00 -1.199766e-01
1.421875e+00 -1.207121e-01
1.437500e+00 -1.212024e-01
1.453125e+00 -1.214512e-01
1.468750e+00 -1.214618e-01
1.484375e+00 -1.212378e-01
1.500000e+00 -1.207822e-01
1.515625e+00 -1.200985e-01
1.531250e+00 -1.191896e-01
1.546875e+00 -1.180587e-01
1.562500e+00 -1.167087e-01
1.578125e+00 -1.151424e-01
1.593750e+00 -1.133628e-01
1.609375e+00 -1.113725e-01
1.625000e+00 -1.091741e-01
1.640625e+00 -1.067705e-01
1.656250e+00 -1.041640e-01
1.671875e+00 -1.013571e-01
1.687500e+00 -9.835238e-02
1.703125e+00 -9.515212e-02
1.718750e+00 -9.175866e-02
1.734375e+00 -8.817425e-02
1.750000e+00 -8.440113e-02
1.765625e+00 -8.044145e-02
1.781250e+00 -7.629734e-02
1.796875e+00 -7.197088e-02
1.812500e+00 -6.746408e-02
1.828125e+00 -6.277894e-02
1.843750e+00 -5.791740e-02
1.859375e+00 -5.288136e-02
1.875000e+00 -4.767269e-02
1.890625e+00 -4.229321e-02
1.906250e+00 -3.674471e-02
1.921875e+00 -3.102895e-02
1.937500e+00 -2.514763e-02
1.953125e+00 -1.910244e-02
1.968750e+00 -1.289503e-02
1.984375e+00 -6.527026e-03
2.000000e+00 -1.093510e-08
2.015625e+00 6.684466e-03
2.031250e+00 1.352487e-02
2.046875e+00 2.051971e-02
2.062500e+00 2.766751e-02
2.078125e+00 3.496683e-02
2.093750e+00 4.241625e-02
2.109375e+00 5.001437e-02
2.125000e+00 5.775984e-02
2.140625e+00 6.565131e-02
2.156250e+00 7.368746e-02
2.171875e+00 8.186700e-02
2.187500e+00 9.018865e-02
2.203125e+00 9.865117e-02
2.218750e+00 1.072533e-01
2.234375e+00 1.159939e-01
2.250000e+00 1.248717e-01
2.265625e+00 1.338856e-01
2.281250e+00 1.430344e-01
2.296875e+00 1.523170e-01
2.312500e+00 1.617322e-01
2.328125e+00 1.712791e-01
2.343750e+00 1.809564e-01
2.359375e+00 1.907632e-01
2.375000e+00 2.006985e-01
2.390625e+00 2.107610e-01
2.406250e+00 2.209500e-01
2.421875e+00 2.312643e-01
2.437500e+00 2.417031e-01
2.453125e+00 2.522652e-01
2.468750e+00 2.629499e-01
2.484375e+00 2.737560e-01
2.500000e+00 2.846829e-01
2.515625e+00 2.957294e-01
2.531250e+00 3.068947e-01
2.546875e+00 3.181780e-01
2.562500e+00 3.295784e-01
2.578125e+00 3.410950e-01
2.593750e+00 3.527270e-01
2.609375e+00 3.644735e-01
2.625000e+00 3.763337e-01
2.640625e+00 3.883068e-01
2.656250e+00 4.003921e-01
2.671875e+00 4.125886e-01
2.687500e+00 4.248958e-01
2.703125e+00 4.373127e-01
2.718750e+00 4.498386e-01
2.734375e+00 4.624729e-01
2.750000e+00 4.752147e-01
2.765625e+00 4.880633e-01
2.781250e+00 5.010180e-01
2.796875e+00 5.140782e-01
2.812500e+00 5.272430e-01
2.828125e+00 5.405119e-01
2.843750e+00 5.538841e-01
2.859375e+00 5.673590e-01
2.875000e+00 5.809360e-01
2.890625e+00 5.946142e-01
2.906250e+00 6.083932e-01
2.921875e+00 6.222723e-01
2.937500e+00 6.362509e-01
2.953125e+00 6.503282e-01
2.968750e+00 6.645038e-01
2.984375e+00 6.787770e-01
3.000000e+00 6.931472e-01
3.015625e+00 7.076138e-01
3.031250e+00 7.221762e-01
3.046875e+00 7.368340e-01
3.062500e+00 7.515864e-01
3.078125e+00 7.664329e-01
3.093750e+00 7.813730e-01
3.109375e+00 7.964061e-01
3.125000e+00 8.115316e-01
3.140625e+00 8.267492e-01
3.156250e+00 8.420581e-01
3.171875e+00 8.574579e-01
3.187500e+00 8.729480e-01
3.203125e+00 8.885280e-01
3.218750e+00 9.041973e-01
3.234375e+00 9.199554e-01
3.250000e+00 9.358019e-01
3.265625e+00 9.517362e-01
3.281250e+00 9.677579e-01
3.296875e+00 9.838665e-01
3.312500e+00 1.000061e+00
3.328125e+00 1.016342e+00
3.343750e+00 1.032709e+00
3.359375e+00 1.049160e+00
3.375000e+00 1.065696e+00
3.390625e+00 1.082316e+00
3.406250e+00 1.099020e+00
3.421875e+00 1.115806e+00
3.437500e+00 1.132676e+00
3.453125e+00 1.149628e+00
3.468750e+00 1.166662e+00
3.484375e+00 1.183777e+00
3.500000e+00 1.200974e+00
3.515625e+00 1.218251e+00
3.531250e+00 1.235608e+00
3.546875e+00 1.253045e+00
3.562500e+00 1.270562e+00
3.578125e+00 1.288157e+00
3.593750e+00 1.305832e+00
3.609375e+00 1.323584e+00
3.625000e+00 1.341415e+00
3.640625e+00 1.359322e+00
3.656250e+00 1.377307e+00
3.671875e+00 1.395369e+00
3.687500e+00 1.413507e+00
3.703125e+00 1.431721e+00
3.718750e+00 1.450011e+00
3.734375e+00 1.468376e+00
3.750000e+00 1.486816e+00
3.765625e+00 1.505330e+00
3.781250e+00 1.523918e+00
3.796875e+00 1.542581e+00
3.812500e+00 1.561317e+00
3.828125e+00 1.580126e+00
3.843750e+00 1.599008e+00
3.859375e+00 1.617962e+00
3.875000e+00 1.636989e+00
3.890625e+00 1.656087e+00
3.906250e+00 1.675257e+00
3.921875e+00 1.694498e+00
3.937500e+00 1.713810e+00
3.953125e+00 1.733192e+00
3.968750e+00 1.752645e+00
3.984375e+00 1.772167e+00
4.000000e+00 1.791759e+00
4.015625e+00 1.811421e+00
4.031250e+00 1.831151e+00
4.046875e+00 1.850950e+00
4.062500e+00 1.870818e+00
4.078125e+00 1.890754e+00
4.093750e+00 1.910757e+00
4.109375e+00 1.930828e+00
4.125000e+00 1.950966e+00
4.140625e+00 1.971171e+00
4.156250e+00 1.991443e+00
4.171875e+00 2.011781e+00
4.187500e+00 2.032185e+00
4.203125e+00 2.052655e+00
4.218750e+00 2.073190e+00
4.234375e+00 2.093791e+00
4.250000e+00 2.114457e+00
4.265625e+00 2.135187e+00
4.281250e+00 2.155982e+00
4.296875e+00 2.176842e+00
4.312500e+00 2.197765e+00
4.328125e+00 2.218751e+00
4.343750e+00 2.239802e+00
4.359375e+00 2.260915e+00
4.375000e+00 2.282091e+00
4.390625e+00 2.303330e+00
4.406250e+00 2.324631e+00
4.421875e+00 2.345995e+00
4.437500e+00 2.367420e+00
4.453125e+00 2.388908e+00
4.468750e+00 2.410456e+00
4.484375e+00 2.432066e+00
4.500000e+00 2.453737e+00
4.515625e+00 2.475468e+00
4.531250e+00 2.497260e+00
4.546875e+00 2.519112e+00
4.562500e+00 2.541024e+00
4.578125e+00 2.562996e+00
4.593750e+00 2.585028e+00
4.609375e+00 2.607119e+00
4.625000e+00 2.629269e+00
4.640625e+00 2.651478e+00
4.656250e+00 2.673745e+00
4.671875e+00 2.696072e+00
4.687500e+00 2.718456e+00
4.703125e+00 2.740898e+00
4.718750e+00 2.763398e+00
4.734375e+00 2.785956e+00
4.750000e+00 2.808571e+00
4.765625e+00 2.831244e+00
4.781250e+00 2.853973e+00
4.796875e+00 2.876759e+00
4.812500e+00 2.899602e+00
4.828125e+00 2.922501e+00
4.843750e+00 2.945456e+00
4.859375e+00 2.968467e+00
4.875000e+00 2.991534e+00
4.890625e+00 3.014657e+00
4.906250e+00 3.037835e+00
4.921875e+00 3.061068e+00
4.937500e+00 3.084356e+00
4.953125e+00 3.107699e+00
4.968750e+00 3.131096e+00
4.984375e+00 3.154548e+00
5.000000e+00 3.178054e+00
5.015625e+00 3.201614e+00
5.031250e+00 3.225228e+00
5.046875e+00 3.248895e+00
5.062500e+00 3.272616e+00
5.078125e+00 3.296391e+00
5.093750e+00 3.320218e+00
5.109375e+00 3.344099e+00
5.125000e+00 3.368032e+00
5.140625e+00 3.392018e+00
5.156250e+00 3.416056e+00
5.171875e+00 3.440146e+00
5.187500e+00 3.464289e+00
5.203125e+00 3.488483e+00
5.218750e+00 3.512729e+00
5.234375e+00 3.537027e+00
5.250000e+00 3.561376e+00
5.265625e+00 3.585776e+00
5.281250e+00 3.610227e+00
5.296875e+00 3.634730e+00
5.312500e+00 3.659282e+00
5.328125e+00 3.683886e+00
5.343750e+00 3.708540e+00
5.359375e+00 3.733244e+00
5.375000e+00 3.757998e+00
5.390625e+00 3.782802e+00
5.406250e+00 3.807655e+00
5.421875e+00 3.832559e+00
5.437500e+00 3.857512e+00
5.453125e+00 3.882514e+00
5.468750e+00 3.907565e+00
5.484375e+00 3.932665e+00
5.500000e+00 3.957814e+00
5.515625e+00 3.983012e+00
5.531250e+00 4.008258e+00
5.546875e+00 4.033552e+00
5.562500e+00 4.058895e+00
5.578125e+00 4.084286e+00
5.593750e+00 4.109725e+00
5.609375e+00 4.135211e+00
5.625000e+00 4.160745e+00
5.640625e+00 4.186327e+00
5.656250e+00 4.211956e+00
5.671875e+00 4.237632e+00
5.687500e+00 4.263355e+00
5.703125e+00 4.289125e+00
5.718750e+00 4.314942e+00
5.734375e+00 4.340806e+00
5.750000e+00 4.366716e+00
5.765625e+00 4.392672e+00
5.781250e+00 4.418675e+00
5.796875e+00 4.444724e+00
5.812500e+00 4.470819e+00
5.828125e+00 4.496959e+00
5.843750e+00 4.523145e+00
5.859375e+00 4.549377e+00
5.875000e+00 4.575654e+00
5.890625e+00 4.601977e+00
5.906250e+00 4.628345e+00
5.921875e+00 4.654757e+00
5.937500e+00 4.681215e+00
5.953125e+00 4.707717e+00
5.968750e+00 4.734264e+00
5.984375e+00 4.760856e+00
6.000000e+00 4.787492e+00
6.015625e+00 4.814172e+00
6.031250e+00 4.840896e+00
6.046875e+00 4.867665e+00
6.062500e+00 4.894477e+00
6.078125e+00 4.921333e+00
6.093750e+00 4.948233e+00
6.109375e+00 4.975176e+00
6.125000e+00 5.002162e+00
6.140625e+00 5.029192e+00
6.156250e+00 5.056265e+00
6.171875e+00 5.083382e+00
6.187500e+00 5.110541e+00
6.203125e+00 5.137743e+00
6.218750e+00 5.164987e+00
6.234375e+00 5.192274e+00
6.250000e+00 5.219604e+00
6.265625e+00 5.246976e+00
6.281250e+00 5.274390e+00
6.296875e+00 5.301847e+00
6.312500e+00 5.329345e+00
6.328125e+00 5.356885e+00
6.343750e+00 5.384467e+00
6.359375e+00 5.412091e+00
6.375000e+00 5.439756e+00
6.390625e+00 5.467463e+00
6.406250e+00 5.495211e+00
6.421875e+00 5.523001e+00
6.437500e+00 5.550831e+00
6.453125e+00 5.578702e+00
6.468750e+00 5.606615e+00
6.484375e+00 5.634568e+00
6.500000e+00 5.662562e+00
6.515625e+00 5.690597e+00
6.531250e+00 5.718672e+00
6.546875e+00 5.746787e+00
6.562500e+00 5.774943e+00
6.578125e+00 5.803139e+00
6.593750e+00 5.831374e+00
6.609375e+00 5.859650e+00
6.625000e+00 5.887966e+00
6.640625e+00 5.916322e+00
6.656250e+00 5.944717e+00
6.671875e+00 5.973152e+00
6.687500e+00 6.001626e+00
6.703125e+00 6.030140e+00
6.718750e+00 6.058693e+00
6.734375e+00 6.087285e+00
6.750000e+00 6.115916e+00
6.765625e+00 6.144586e+00
6.781250e+00 6.173295e+00
6.796875e+00 6.202043e+00
6.812500e+00 6.230829e+00
6.828125e+00 6.259655e+00
6.843750e+00 6.288518e+00
6.859375e+00 6.317420e+00
6.875000e+00 6.346360e+00
6.890625e+00 6.375339e+00
6.906250e+00 6.404356e+00
6.921875e+00 6.433410e+00
6.937500e+00 6.462503e+00
6.953125e+00 6.491634e+00
6.968750e+00 6.520802e+00
6.984375e+00 6.550008e+00
7.000000e+00 6.579251e+00
7.015625e+00 6.608532e+00
7.031250e+00 6.637851e+00
7.046875e+00 6.667206e+00
7.062500e+00 6.696599e+00
7.078125e+00 6.726029e+00
7.093750e+00 6.755496e+00
7.109375e+00 6.785000e+00
7.125000e+00 6.814541e+00
7.140625e+00 6.844119e+00
7.156250e+00 6.873733e+00
7.171875e+00 6.903384e+00
7.187500e+00 6.933072e+00
7.203125e+00 6.962796e+00
7.218750e+00 6.992556e+00
7.234375e+00 7.022353e+00
7.250000e+00 7.052185e+00
7.265625e+00 7.082054e+00
7.281250e+00 7.111959e+00
7.296875e+00 7.141900e+00
7.312500e+00 7.171877e+00
7.328125e+00 7.201889e+00
7.343750e+00 7.231937e+00
7.359375e+00 7.262021e+00
7.375000e+00 7.292140e+00
7.390625e+00 7.322295e+00
7.406250e+00 7.352485e+00
7.421875e+00 7.382711e+00
7.437500e+00 7.412971e+00
7.453125e+00 7.443267e+00
7.468750e+00 7.473598e+00
7.484375e+00 7.503964e+00
7.500000e+00 7.534364e+00
7.515625e+00 7.564800e+00
7.531250e+00 7.595270e+00
7.546875e+00 7.625775e+00
7.562500e+00 7.656314e+00
7.578125e+00 7.686888e+00
7.593750e+00 7.717497e+00
7.609375e+00 7.748139e+00
7.625000e+00 7.778817e+00
7.640625e+00 7.809528e+00
7.656250e+00 7.840273e+00
7.671875e+00 7.871053e+00
7.687500e+00 7.901866e+00
7.703125e+00 7.932714e+00
7.718750e+00 7.963595e+00
7.734375e+00 7.994510e+00
7.750000e+00 8.025458e+00
7.765625e+00 8.056441e+00
7.781250e+00 8.087457e+00
7.796875e+00 8.118506e+00
7.812500e+00 8.149589e+00
7.828125e+00 8.180705e+00
7.843750e+00 8.211854e+00
7.859375e+00 8.243036e+00
7.875000e+00 8.274252e+00
7.890625e+00 8.305501e+00
7.906250e+00 8.336782e+00
7.921875e+00 8.368097e+00
7.937500e+00 8.399445e+00
7.953125e+00 8.430825e+00
7.968750e+00 8.462238e+00
7.984375e+00 8.493683e+00
8.000000e+00 8.525161e+00
8.015625e+00 8.556672e+00
8.031250e+00 8.588215e+00
8.046875e+00 8.619791e+00
8.062500e+00 8.651398e+00
8.078125e+00 8.683038e+00
8.093750e+00 8.714710e+00
8.109375e+00 8.746415e+00
8.125000e+00 8.778151e+00
8.140625e+00 8.809919e+00
8.156250e+00 8.841719e+00
8.171875e+00 8.873551e+00
8.187500e+00 8.905415e+00
8.203125e+00 8.937311e+00
8.218750e+00 8.969238e+00
8.234375e+00 9.001197e+00
8.250000e+00 9.033187e+00
8.265625e+00 9.065209e+00
8.281250e+00 9.097262e+00
8.296875e+00 9.129346e+00
8.312500e+00 9.161462e+00
8.328125e+00 9.193609e+00
8.343750e+00 9.225787e+00
8.359375e+00 9.257996e+00
8.375000e+00 9.290236e+00
8.390625e+00 9.322507e+00
8.406250e+00 9.354809e+00
8.421875e+00 9.387142e+00
8.437500e+00 9.419506e+00
8.453125e+00 9.451900e+00
8.468750e+00 9.484325e+00
8.484375e+00 9.516781e+00
8.500000e+00 9.549267e+00
8.515625e+00 9.581784e+00
8.531250e+00 9.614331e+00
8.546875e+00 9.646908e+00
8.562500e+00 9.679516e+00
8.578125e+00 9.712154e+00
8.593750e+00 9.744822e+00
8.609375e+00 9.777521e+00
8.625000e+00 9.810249e+00
8.640625e+00 9.843007e+00
8.656250e+00 9.875796e+00
8.671875e+00 9.908614e+00
8.687500e+00 9.941462e+00
8.703125e+00 9.974340e+00
8.718750e+00 1.000725e+01
8.734375e+00 1.004018e+01
8.750000e+00 1.007315e+01
8.765625e+00 1.010615e+01
8.781250e+00 1.013917e+01
8.796875e+00 1.017223e+01
8.812500e+00 1.020531e+01
8.828125e+00 1.023843e+01
8.843750e+00 1.027157e+01
8.859375e+00 1.030474e+01
8.875000e+00 1.033795e+01
8.890625e+00 1.037118e+01
8.906250e+00 1.040444e+01
8.921875e+00 1.043773e+01
8.937500e+00 1.047104e+01
8.953125e+00 1.050439e+01
8.968750e+00 1.053777e+01
8.984375e+00 1.057117e+01
9.000000e+00 1.060460e+01
9.015625e+00 1.063806e+01
9.031250e+00 1.067156e+01
9.046875e+00 1.070507e+01
9.062500e+00 1.073862e+01
9.078125e+00 1.077220e+01
9.093750e+00 1.080580e+01
9.109375e+00 1.083944e+01
9.125000e+00 1.087310e+01
9.140625e+00 1.090679e+01
9.156250e+00 1.094050e+01
9.171875e+00 1.097425e+01
9.187500e+00 1.100802e+01
9.203125e+00 1.104183e+01
9.218750e+00 1.107566e+01
9.234375e+00 1.110951e+01
9.250000e+00 1.114340e+01
9.265625e+00 1.117731e+01
9.281250e+00 1.121126e+01
9.296875e+00 1.124523e+01
9.312500e+00 1.127922e+01
9.328125e+00 1.131325e+01
9.343750e+00 1.134730e+01
9.359375e+00 1.138138e+01
9.375000e+00 1.141549e+01
9.390625e+00 1.144962e+01
9.406250e+00 1.148378e+01
9.421875e+00 1.151797e+01
9.437500e+00 1.155219e+01
9.453125e+00 1.158644e+01
9.468750e+00 1.162071e+01
9.484375e+00 1.165501e+01
9.500000e+00 1.168933e+01
9.515625e+00 1.172369e+01
9.531250e+00 1.175807e+01
9.546875e+00 1.179247e+01
9.562500e+00 1.182691e+01
9.578125e+00 1.186137e+01
9.593750e+00 1.189586e+01
9.609375e+00 1.193037e+01
9.625000e+00 1.196491e+01
9.640625e+00 1.199948e+01
9.656250e+00 1.203408e+01
9.671875e+00 1.206870e+01
9.687500e+00 1.210335e+01
9.703125e+00 1.213802e+01
9.718750e+00 1.217272e+01
9.734375e+00 1.220745e+01
9.750000e+00 1.224220e+01
9.765625e+00 1.227699e+01
9.781250e+00 1.231179e+01
9.796875e+00 1.234663e+01
9.812500e+00 1.238148e+01
9.828125e+00 1.241637e+01
9.843750e+00 1.245128e+01
9.859375e+00 1.248622e+01
9.875000e+00 1.252118e+01
9.890625e+00 1.255617e+01
9.906250e+00 1.259119e+01
9.921875e+00 1.262623e+01
9.937500e+00 1.266130e+01
9.953125e+00 1.269639e+01
9.968750e+00 1.273151e+01
9.984375e+00 1.276666e+01
1.000000e+01 1.280183e+01


1 1.000000e+00
2 1.000000e+00
3 2.000000e+00
4 6.000000e+00
5 2.400000e+01
6 1.200000e+02
7 7.200000e+02
8 5.040000e+03
9 4.032000e+04
10 3.628800e+05
11 3.628800e+06
