-1.5 -0.0634516 0.0298038 0.230445 0.25813 3.66693 1.83596 0 0
-1.4925 -0.0616193 0.0317921 0.258279 0.272149 3.75469 1.90235 -0.000469016 0.000230919
-1.485 -0.0595758 0.0338873 0.286752 0.286665 3.83737 1.96846 -0.000923497 0.000477148
-1.4775 -0.0573165 0.0360933 0.315826 0.301675 3.91456 2.03403 -0.00136184 0.000739505
-1.47 -0.054837 0.0384137 0.345456 0.317173 3.98587 2.0988 -0.00178242 0.00101883
-1.4625 -0.0521334 0.0408521 0.375598 0.333154 4.05088 2.16247 -0.00218356 0.00131601
-1.455 -0.0492019 0.0434121 0.406203 0.349607 4.1092 2.22474 -0.00256357 0.00163192
-1.4475 -0.0460393 0.0460973 0.437218 0.366521 4.16041 2.28527 -0.00292072 0.0019675
-1.44 -0.0426427 0.0489111 0.46859 0.383881 4.20413 2.34373 -0.00325328 0.0023237
-1.4325 -0.0390097 0.0518566 0.500261 0.401671 4.23996 2.39976 -0.00355947 0.0027015
-1.425 -0.0351382 0.0549372 0.532169 0.41987 4.2675 2.45297 -0.00383753 0.00310189
-1.4175 -0.0310267 0.0581556 0.564251 0.438457 4.2864 2.50299 -0.00408565 0.0035259
-1.41 -0.0266742 0.0615149 0.596442 0.457406 4.29626 2.5494 -0.00430203 0.00397457
-1.4025 -0.02208 0.0650176 0.628672 0.476688 4.29674 2.59178 -0.00448485 0.00444898
-1.395 -0.0172442 0.068666 0.660869 0.496272 4.28747 2.6297 -0.00463232 0.0049502
-1.3875 -0.0121672 0.0724623 0.692959 0.516122 4.26813 2.66272 -0.00474261 0.00547934
-1.38 -0.00685027 0.0764084 0.724865 0.536199 4.23839 2.69038 -0.00481393 0.00603751
-1.3725 -0.00129493 0.0805058 0.756508 0.556463 4.19795 2.71221 -0.00484447 0.00662584
-1.365 0.00449649 0.0847557 0.787807 0.576867 4.14651 2.72775 -0.00483247 0.00724548
-1.3575 0.0105211 0.089159 0.818677 0.597362 4.08379 2.73652 -0.00477615 0.00789756
-1.35 0.0167754 0.0937162 0.849035 0.617896 4.00956 2.73803 -0.00467379 0.00858325
-1.3425 0.0232551 0.0984274 0.878791 0.638413 3.92357 2.7318 -0.00452368 0.00930369
-1.335 0.0299555 0.103292 0.907858 0.658853 3.82561 2.71735 -0.00432414 0.01006
-1.3275 0.036871 0.10831 0.936145 0.679152 3.71551 2.6942 -0.00407354 0.0108535
-1.32 0.0439955 0.113479 0.96356 0.699243 3.59309 2.66186 -0.00377029 0.0116851
-1.3125 0.051322 0.118798 0.99001 0.719055 3.45822 2.61988 -0.00341285 0.012556
-1.305 0.058843 0.124264 1.0154 0.738516 3.31079 2.5678 -0.00299973 0.0134674
-1.2975 0.0665502 0.129874 1.03964 0.757546 3.15073 2.50516 -0.0025295 0.0144203
-1.29 0.0744345 0.135626 1.06263 0.776065 2.97798 2.43153 -0.00200081 0.0154159
-1.2825 0.0824863 0.141514 1.08428 0.79399 2.79252 2.34651 -0.00141236 0.0164551
-1.275 0.0906951 0.147534 1.10449 0.811234 2.59437 2.2497 -0.000762926 0.0175389
-1.2675 0.0990498 0.153681 1.12316 0.827706 2.38357 2.14074 -5.13829e-05 0.0186684
-1.26 0.107538 0.159947 1.14021 0.843313 2.16021 2.01928 0.000723323 0.0198444
-1.2525 0.116149 0.166328 1.15553 0.857963 1.92438 1.88501 0.00156215 0.0210679
-1.245 0.124867 0.172814 1.16904 0.871556 1.67625 1.73766 0.00246596 0.0223396
-1.2375 0.13368 0.179398 1.18065 0.883994 1.41599 1.57699 0.00343551 0.0236603
-1.23 0.142572 0.186071 1.19025 0.895177 1.14383 1.4028 0.00447145 0.0250308
-1.2225 0.151528 0.192823 1.19778 0.905002 0.860028 1.21492 0.00557432 0.0264516
-1.215 0.160533 0.199642 1.20313 0.913366 0.564877 1.01325 0.00674455 0.0279233
-1.2075 0.169569 0.206519 1.20622 0.920166 0.258712 0.797715 0.00798244 0.0294464
-1.2 0.17862 0.213441 1.20698 0.925297 -0.058096 0.568305 0.00928815 0.0310212
-1.1925 0.187668 0.220394 1.20532 0.928656 -0.385136 0.325056 0.0106617 0.0326481
-1.185 0.196694 0.227366 1.20118 0.930139 -0.72196 0.0680615 0.0121031 0.0343272
-1.1775 0.205679 0.234341 1.19447 0.929643 -1.06808 -0.202528 0.013612 0.0360586
-1.17 0.214605 0.241305 1.18514 0.927067 -1.42297 -0.4865 0.0151881 0.0378423
-1.1625 0.22345 0.248242 1.17311 0.922313 -1.78608 -0.783585 0.0168308 0.0396781
-1.155 0.232194 0.255134 1.15833 0.915282 -2.15679 -1.09345 0.0185394 0.0415658
-1.1475 0.240818 0.261965 1.14074 0.90588 -2.53448 -1.41569 0.0203132 0.0435049
-1.14 0.249298 0.268716 1.12029 0.894017 -2.91847 -1.74984 0.0221511 0.0454951
-1.1325 0.257615 0.275369 1.09695 0.879604 -3.30805 -2.09537 0.0240521 0.0475354
-1.125 0.265745 0.281904 1.07066 0.862559 -3.70248 -2.45169 0.0260147 0.0496253
-1.1175 0.273667 0.288301 1.0414 0.842803 -4.10099 -2.81814 0.0280375 0.0517637
-1.11 0.281359 0.294539 1.00914 0.820264 -4.50276 -3.19397 0.0301188 0.0539494
-1.1025 0.288797 0.300597 0.973852 0.794872 -4.90696 -3.57841 0.0322569 0.0561813
-1.095 0.295959 0.306455 0.935529 0.766568 -5.31272 -3.97058 0.0344497 0.0584579
-1.0875 0.302822 0.312089 0.89416 0.735296 -5.71914 -4.36957 0.0366952 0.0607775
-1.08 0.309363 0.317477 0.849742 0.70101 -6.12529 -4.77438 0.0389908 0.0631386
-1.0725 0.31556 0.322596 0.802283 0.663669 -6.53024 -5.18398 0.0413343 0.065539
-1.065 0.32139 0.327424 0.751794 0.623241 -6.933 -5.59726 0.0437229 0.0679768
-1.0575 0.32683 0.331937 0.698296 0.579704 -7.3326 -6.01307 0.0461537 0.0704496
-1.05 0.331857 0.336112 0.641816 0.533042 -7.72801 -6.43019 0.0486238 0.072955
-1.0425 0.33645 0.339925 0.582389 0.48325 -8.1182 -6.84737 0.0511299 0.0754904
-1.035 0.340586 0.343353 0.520058 0.430334 -8.50215 -7.26331 0.0536688 0.0780529
-1.0275 0.344243 0.346372 0.454875 0.374307 -8.87879 -7.67667 0.0562369 0.0806396
-1.02 0.347402 0.348959 0.386898 0.315194 -9.24706 -8.08607 0.0588306 0.0832474
-1.0125 0.35004 0.351092 0.316193 0.25303 -9.60589 -8.4901 0.061446 0.0858729
-1.005 0.352138 0.352747 0.242836 0.18786 -9.9542 -8.88733 0.0640792 0.0885126
-0.9975 0.353676 0.353903 0.166909 0.11974 -10.2909 -9.27631 0.066726 0.0911629
-0.99 0.354636 0.354536 0.0885032 0.0487392 -10.615 -9.65556 0.0693821 0.0938198
-0.9825 0.354998 0.354627 0.00771805 -0.0250651 -10.9253 -10.0236 0.0720433 0.0964795
-0.975 0.354746 0.354154 -0.0753398 -0.101583 -11.2209 -10.379 0.0747048 0.0991378
-0.9675 0.353862 0.353097 -0.160555 -0.180714 -11.5006 -10.7202 0.0773621 0.10179
-0.96 0.352332 0.351437 -0.247806 -0.262346 -11.7634 -11.0457 0.0800103 0.104433
-0.9525 0.35014 0.349155 -0.336961 -0.346357 -12.0083 -11.3542 0.0826446 0.10706
-0.945 0.347273 0.346236 -0.427883 -0.432613 -12.2343 -11.6441 0.0852599 0.109668
-0.9375 0.343718 0.342661 -0.520426 -0.520969 -12.4404 -11.9141 0.0878511 0.112252
-0.93 0.339463 0.338416 -0.614437 -0.611271 -12.6256 -12.1627 0.090413 0.114807
-0.9225 0.334498 0.333487 -0.709756 -0.703353 -12.7891 -12.3887 0.0929404 0.117327
-0.915 0.328814 0.327862 -0.806216 -0.797042 -12.9299 -12.5908 0.0954278 0.119807
-0.9075 0.322403 0.321528 -0.903645 -0.892152 -13.0472 -12.7677 0.0978699 0.122243
-0.9 0.315257 0.314477 -1.00186 -0.988491 -13.1401 -12.9182 0.100261 0.124628
-0.8925 0.307373 0.306698 -1.10068 -1.08586 -13.2079 -13.0412 0.102596 0.126958
-0.885 0.298746 0.298187 -1.19992 -1.18404 -13.2498 -13.1357 0.104869 0.129227
-0.8775 0.289374 0.288936 -1.29936 -1.28282 -13.2651 -13.2007 0.107074 0.131429
-0.87 0.279256 0.278943 -1.39883 -1.38197 -13.2533 -13.2353 0.109207 0.133559
-0.8625 0.268392 0.268206 -1.49809 -1.48127 -13.2136 -13.2386 0.11126 0.135612
-0.855 0.256785 0.256725 -1.59696 -1.58047 -13.1457 -13.2101 0.11323 0.13758
-0.8475 0.244439 0.2445 -1.69521 -1.67934 -13.0489 -13.1489 0.115109 0.139461
-0.84 0.231359 0.231536 -1.79262 -1.77762 -12.9229 -13.0546 0.116894 0.141246
-0.8325 0.217553 0.217838 -1.88898 -1.87507 -12.7673 -12.9267 0.118577 0.142932
-0.825 0.203028 0.203413 -1.98405 -1.97144 -12.5819 -12.7649 0.120154 0.144512
-0.8175 0.187795 0.18827 -2.07763 -2.06646 -12.3663 -12.5689 0.12162 0.145981
-0.81 0.171868 0.17242 -2.16947 -2.15989 -12.1206 -12.3387 0.122969 0.147334
-0.8025 0.155258 0.155876 -2.25936 -2.25146 -11.8445 -12.0741 0.124195 0.148566
-0.795 0.137983 0.138653 -2.34707 -2.34091 -11.538 -11.7752 0.125295 0.149671
-0.7875 0.120058 0.120768 -2.43236 -2.428 -11.2013 -11.4422 0.126263 0.150644
-0.78 0.101504 0.10224 -2.51501 -2.51246 -10.8345 -11.0754 0.127093 0.151481
-0.7725 0.0823403 0.0830886 -2.5948 -2.59405 -10.4377 -10.6752 0.127783 0.152176
-0.765 0.0625897 0.063337 -2.6715 -2.67251 -10.0112 -10.2421 0.128326 0.152725
-0.7575 0.042276 0.0430094 -2.74489 -2.7476 -9.55552 -9.77654 0.12872 0.153125
-0.75 0.0214251 0.0221321 -2.81476 -2.81907 -9.07097 -9.27937 0.128958 0.153369
-0.7425 6.39691e-05 0.000732898 -2.88089 -2.88671 -8.55811 -8.75133 0.129039 0.153455
-0.735 -0.0217784 -0.0211584 -2.94306 -2.95027 -8.01753 -8.19331 0.128958 0.153379
-0.7275 -0.0440716 -0.0435104 -3.00108 -3.00954 -7.44992 -7.60628 0.128711 0.153137
-0.72 -0.0667838 -0.0662902 -3.05475 -3.06429 -6.85603 -6.99131 0.128295 0.152725
-0.7125 -0.0898814 -0.089463 -3.10386 -3.11434 -6.23669 -6.34955 0.127708 0.152141
-0.705 -0.11333 -0.112993 -3.14824 -3.15947 -5.59281 -5.68223 0.126945 0.151382
-0.6975 -0.137093 -0.136842 -3.18769 -3.19951 -4.92538 -4.99065 0.126006 0.150446
-0.69 -0.161132 -0.160972 -3.22206 -3.23428 -4.23545 -4.27622 0.124888 0.149329
-0.6825 -0.18541 -0.185343 -3.25117 -3.2636 -3.52416 -3.54036 0.123588 0.14803
-0.675 -0.209887 -0.209912 -3.27487 -3.28733 -2.7927 -2.78459 0.122106 0.146548
-0.6675 -0.23452 -0.234639 -3.29302 -3.30532 -2.04235 -2.01049 0.12044 0.144881
-0.66 -0.259268 -0.259478 -3.30546 -3.31745 -1.27445 -1.21968 0.118588 0.143028
-0.6525 -0.284087 -0.284385 -3.31209 -3.32358 -0.490402 -0.41383 0.11655 0.140989
-0.645 -0.308934 -0.309316 -3.31278 -3.32362 0.308336 0.405347 0.114327 0.138763
-0.6375 -0.333764 -0.334224 -3.30743 -3.31747 1.12024 1.2361 0.111916 0.136349
-0.63 -0.35853 -0.359063 -3.29595 -3.30506 1.94372 2.07663 0.10932 0.133749
-0.6225 -0.383187 -0.383784 -3.27825 -3.2863 2.77716 2.92513 0.106539 0.130964
-0.615 -0.407688 -0.408341 -3.25427 -3.26116 3.61887 3.77977 0.103573 0.127993
-0.6075 -0.431986 -0.432686 -3.22395 -3.2296 4.46711 4.63869 0.100424 0.124839
-0.6 -0.456032 -0.456769 -3.18725 -3.19158 5.32013 5.50002 0.0970942 0.121503
-0.5925 -0.479778 -0.480543 -3.14414 -3.14709 6.17611 6.36188 0.0935849 0.117988
-0.585 -0.503178 -0.503959 -3.09461 -3.09615 7.03321 7.2224 0.0898988 0.114296
-0.5775 -0.526182 -0.526969 -3.03865 -3.03877 7.88956 8.07967 0.0860387 0.11043
-0.57 -0.548741 -0.549525 -2.97627 -2.97497 8.74326 8.93184 0.0820078 0.106393
-0.5625 -0.57081 -0.571578 -2.90751 -2.90481 9.59239 9.77703 0.0778095 0.102188
-0.555 -0.592338 -0.593081 -2.8324 -2.82834 10.435 10.6134 0.0734477 0.0978205
-0.5475 -0.61328 -0.613987 -2.75101 -2.74563 11.2692 11.439 0.0689266 0.0932936
-0.54 -0.633588 -0.63425 -2.66339 -2.65678 12.093 12.2522 0.0642508 0.0886123
-0.5325 -0.653215 -0.653824 -2.56964 -2.56189 12.9044 13.051 0.0594253 0.0837816
-0.525 -0.672117 -0.672664 -2.46986 -2.46106 13.7015 13.8337 0.0544553 0.0788068
-0.5175 -0.690249 -0.690725 -2.36416 -2.35442 14.4823 14.5986 0.0493465 0.0736936
-0.51 -0.707565 -0.707966 -2.25267 -2.24213 15.245 15.3439 0.0441047 0.068448
-0.5025 -0.724025 -0.724343 -2.13554 -2.12432 15.9875 16.068 0.0387362 0.0630763
-0.495 -0.739585 -0.739817 -2.01291 -2.00116 16.7081 16.7692 0.0332477 0.0575851
-0.4875 -0.754205 -0.754348 -1.88498 -1.87284 17.4048 17.4458 0.0276459 0.0519814
-0.48 -0.767846 -0.767897 -1.75191 -1.73954 18.0758 18.0963 0.0219383 0.0462723
-0.4725 -0.780471 -0.780429 -1.61391 -1.60147 18.7194 18.7192 0.0161321 0.0404655
-0.465 -0.792043 -0.791908 -1.47119 -1.45883 19.3338 19.3129 0.0102351 0.0345685
-0.4575 -0.802528 -0.802301 -1.32398 -1.31185 19.9173 19.8761 0.00425549 0.0285896
-0.45 -0.811892 -0.811575 -1.17251 -1.16077 20.4682 20.4073 -0.00179858 0.0225368
-0.4425 -0.820106 -0.819702 -1.01704 -1.00582 20.985 20.9052 -0.00791858 0.0164188
-0.435 -0.827138 -0.826654 -0.857824 -0.847274 21.4662 21.3685 -0.0140957 0.0102442
-0.4275 -0.832964 -0.832403 -0.695139 -0.685385 21.9103 21.7959 -0.0203211 0.004022
-0.42 -0.837558 -0.836927 -0.529267 -0.520428 22.3159 22.1863 -0.0265856 -0.00223876
-0.4125 -0.840896 -0.840203 -0.360501 -0.352685 22.6817 22.5386 -0.0328798 -0.00852878
-0.405 -0.842959 -0.842211 -0.189144 -0.182447 23.0065 22.8516 -0.0391942 -0.0148386
-0.3975 -0.843727 -0.842934 -0.0155078 -0.0100111 23.2892 23.1245 -0.0455193 -0.0211587
-0.39 -0.843186 -0.842356 0.160087 0.164317 23.5288 23.3561 -0.0518452 -0.0274794
-0.3825 -0.841322 -0.840465 0.337313 0.340226 23.7241 23.5458 -0.0581621 -0.0337908
-0.375 -0.838123 -0.83725 0.515837 0.517397 23.8745 23.6926 -0.0644601 -0.0400831
-0.3675 -0.833582 -0.832702 0.695317 0.695506 23.9792 23.7959 -0.070729 -0.0463462
-0.36 -0.827692 -0.826816 0.875408 0.874224 24.0374 23.8549 -0.0769587 -0.0525702
-0.3525 -0.82045 -0.819588 1.05576 1.05322 24.0486 23.8692 -0.0831393 -0.0587451
-0.345 -0.811856 -0.811018 1.23602 1.23215 24.0123 23.8382 -0.0892604 -0.0648607
-0.3375 -0.801911 -0.801107 1.41583 1.41068 23.9283 23.7615 -0.095312 -0.070907
-0.33 -0.790621 -0.789859 1.59482 1.58846 23.7963 23.6389 -0.101284 -0.076874
-0.3225 -0.777992 -0.777282 1.77265 1.76514 23.6162 23.4699 -0.107166 -0.0827516
-0.315 -0.764035 -0.763386 1.94894 1.94039 23.3879 23.2546 -0.112949 -0.0885299
-0.3075 -0.748762 -0.748181 2.12335 2.11385 23.1115 22.9928 -0.118622 -0.0941991
-0.3 -0.73219 -0.731683 2.2955 2.28517 22.7873 22.6846 -0.124175 -0.0997494
-0.2925 -0.714336 -0.71391 2.46504 2.454 22.4156 22.3301 -0.1296 -0.105171
-0.285 -0.695222 -0.69488 2.63161 2.62 21.9969 21.9295 -0.134886 -0.110455
-0.2775 -0.67487 -0.674618 2.79488 2.78283 21.5317 21.4833 -0.140024 -0.115591
-0.27 -0.653308 -0.653147 2.95448 2.94214 21.0207 20.9918 -0.145004 -0.120571
-0.2625 -0.630563 -0.630495 3.11007 3.09759 20.4646 20.4556 -0.149819 -0.125386
-0.255 -0.606668 -0.606693 3.26133 3.24886 19.8644 19.8754 -0.154458 -0.130026
-0.2475 -0.581655 -0.581774 3.40793 3.39562 19.2211 19.2519 -0.158915 -0.134483
-0.24 -0.555561 -0.555771 3.54954 3.53753 18.5357 18.5859 -0.163179 -0.13875
-0.2325 -0.528425 -0.528723 3.68586 3.6743 17.8096 17.8786 -0.167244 -0.142817
-0.225 -0.500287 -0.50067 3.81659 3.80561 17.044 17.131 -0.171102 -0.146678
-0.2175 -0.471191 -0.471654 3.94143 3.93117 16.2404 16.3442 -0.174745 -0.150325
-0.21 -0.441181 -0.441718 4.0601 4.05068 15.4002 15.5197 -0.178166 -0.15375
-0.2025 -0.410305 -0.410909 4.17235 4.16387 14.5251 14.6588 -0.181359 -0.156948
-0.195 -0.378613 -0.379276 4.2779 4.27048 13.6169 13.7631 -0.184318 -0.159912
-0.1875 -0.346154 -0.346869 4.37652 4.37024 12.6772 12.8342 -0.187036 -0.162636
-0.18 -0.312983 -0.31374 4.46798 4.46291 11.708 11.8739 -0.189507 -0.165113
-0.1725 -0.279153 -0.279944 4.55207 4.54827 10.7113 10.8839 -0.191728 -0.16734
-0.165 -0.244721 -0.245535 4.62859 4.6261 9.68898 9.86633 -0.193692 -0.169311
-0.1575 -0.209744 -0.210572 4.69735 4.6962 8.64322 8.82312 -0.195397 -0.171022
-0.15 -0.17428 -0.175112 4.75818 4.75839 7.57616 7.75641 -0.196837 -0.172468
-0.1425 -0.138391 -0.139216 4.81094 4.81249 6.49003 6.66841 -0.198009 -0.173647
-0.135 -0.102137 -0.102945 4.85549 4.85837 5.3871 5.5614 -0.198911 -0.174555
-0.1275 -0.0655794 -0.0663614 4.89171 4.89587 4.26968 4.43774 -0.19954 -0.175191
-0.12 -0.0287821 -0.0295282 4.91951 4.9249 3.14014 3.29986 -0.199894 -0.17555
-0.1125 0.00819189 0.00749064 4.93879 4.94534 2.00086 2.15025 -0.199971 -0.175633
-0.105 0.0452784 0.0446303 4.9495 4.95713 0.854278 0.991444 -0.199771 -0.175438
-0.0975 0.0824129 0.0818258 4.95159 4.9602 -0.29716 -0.173972 -0.199292 -0.174963
-0.09 0.119531 0.119011 4.94504 4.95451 -1.45099 -1.34337 -0.198535 -0.17421
-0.0825 0.156567 0.156121 4.92983 4.94004 -2.60472 -2.5141 -0.197499 -0.173178
-0.075 0.193456 0.19309 4.90597 4.9168 -3.75588 -3.68349 -0.196187 -0.171869
-0.0675 0.230135 0.229852 4.8735 4.8848 -4.90199 -4.84883 -0.194598 -0.170283
-0.06 0.266538 0.26634 4.83246 4.84409 -6.04056 -6.00744 -0.192736 -0.168422
-0.0525 0.302601 0.302491 4.78292 4.79471 -7.16914 -7.15662 -0.190601 -0.166288
-0.045 0.33826 0.33824 4.72496 4.73677 -8.28528 -8.29369 -0.188198 -0.163885
-0.0375 0.373454 0.373522 4.65868 4.67035 -9.38656 -9.416 -0.185529 -0.161216
-0.03 0.40812 0.408274 4.5842 4.59557 -10.4706 -10.5209 -0.182598 -0.158284
-0.0225 0.442197 0.442435 4.50167 4.51258 -11.5351 -11.6058 -0.17941 -0.155093
-0.015 0.475625 0.475943 4.41123 4.42154 -12.5776 -12.6682 -0.175968 -0.151649
-0.0075 0.508346 0.508738 4.31306 4.32262 -13.5961 -13.7056 -0.172278 -0.147956
0 0.540302 0.540763 4.20735 4.21602 -14.5882 -14.7155 -0.168346 -0.14402
0.0075 0.571438 0.57196 4.09431 4.10196 -15.5518 -15.6957 -0.164177 -0.139847
0.015 0.601699 0.602274 3.97415 3.98067 -16.4849 -16.6437 -0.159777 -0.135443
0.0225 0.631033 0.631652 3.84712 3.85239 -17.3854 -17.5576 -0.155155 -0.130815
0.03 0.659389 0.660043 3.71346 3.7174 -18.2515 -18.4351 -0.150315 -0.12597
0.0375 0.686719 0.687397 3.57344 3.57596 -19.0813 -19.2743 -0.145268 -0.120917
0.045 0.712976 0.713667 3.42734 3.42838 -19.873 -20.0733 -0.140019 -0.115662
0.0525 0.738115 0.738808 3.27544 3.27497 -20.6251 -20.8304 -0.134577 -0.110215
0.06 0.762094 0.762778 3.11806 3.11604 -21.3358 -21.5438 -0.128951 -0.104583
0.0675 0.784873 0.785536 2.95551 2.95192 -22.0039 -22.2122 -0.12315 -0.0987759
0.075 0.806414 0.807045 2.78811 2.78297 -22.6278 -22.834 -0.117183 -0.092803
0.0825 0.826683 0.827269 2.61621 2.60953 -23.2063 -23.408 -0.111059 -0.0866735
0.09 0.845647 0.846177 2.44014 2.43197 -23.7383 -23.9331 -0.104788 -0.0803972
0.0975 0.863276 0.863739 2.26025 2.25066 -24.2228 -24.4082 -0.098379 -0.0739842
0.105 0.879542 0.879929 2.07692 2.06598 -24.6587 -24.8324 -0.0918435 -0.0674446
0.1125 0.894422 0.894722 1.89049 1.8783 -25.0454 -25.2051 -0.0851911 -0.0607887
0.12 0.907893 0.908097 1.70136 1.68803 -25.3821 -25.5254 -0.0784324 -0.0540273
0.1275 0.919936 0.920037 1.50989 1.49555 -25.6681 -25.793 -0.0715781 -0.0471709
0.135 0.930536 0.930526 1.31647 1.30127 -25.9032 -26.0074 -0.0646388 -0.0402304
0.1425 0.939679 0.939552 1.12147 1.10558 -26.0869 -26.1682 -0.0576255 -0.0332166
0.15 0.947355 0.947107 0.925291 0.908881 -26.219 -26.2752 -0.0505491 -0.0261407
0.1575 0.953557 0.953184 0.728314 0.711585 -26.2995 -26.3283 -0.0434207 -0.0190137
0.165 0.958279 0.95778 0.530928 0.514092 -26.3283 -26.3275 -0.0362513 -0.0118467
0.1725 0.961521 0.960896 0.333519 0.316807 -26.3056 -26.2728 -0.0290521 -0.00465074
0.18 0.963283 0.962534 0.136471 0.120133 -26.2317 -26.1646 -0.021834 0.00256305
0.1875 0.96357 0.9627 -0.0598304 -0.0755287 -26.107 -26.0031 -0.0146084 0.00978359
0.195 0.962388 0.961404 -0.255008 -0.269782 -25.932 -25.789 -0.00738601 0.0169999
0.2025 0.959748 0.958658 -0.448685 -0.462235 -25.7072 -25.5233 -0.000178 0.024201
0.21 0.955662 0.954476 -0.640493 -0.652505 -25.4335 -25.2071 0.00700479 0.0313762
0.2175 0.950146 0.948877 -0.830067 -0.840219 -25.1116 -24.8421 0.0141516 0.0385146
0.225 0.943218 0.94188 -1.01705 -1.02502 -24.7425 -24.4305 0.0212517 0.0456058
0.2325 0.934898 0.93351 -1.20109 -1.20657 -24.3274 -23.975 0.0282946 0.0526394
0.24 0.92521 0.923791 -1.38185 -1.38454 -23.8673 -23.4787 0.03527 0.0596051
0.2475 0.914179 0.912751 -1.55899 -1.55866 -23.3634 -22.9456 0.0421677 0.066493
0.255 0.901835 0.900421 -1.73219 -1.72864 -22.8173 -22.3797 0.0489778 0.0732931
0.2625 0.888207 0.886832 -1.90115 -1.89428 -22.2302 -21.7854 0.0556904 0.0799961
0.27 0.873329 0.872018 -2.06555 -2.05537 -21.6038 -21.1672 0.0622962 0.0865926
0.2775 0.857236 0.856014 -2.22511 -2.21174 -20.9395 -20.5293 0.0687858 0.0930734
0.285 0.839965 0.838854 -2.37955 -2.36326 -20.2393 -19.875 0.0751503 0.0994299
0.2925 0.821556 0.820577 -2.52861 -2.50983 -19.5047 -19.207 0.081381 0.105653
0.3 0.80205 0.80122 -2.67204 -2.65134 -18.7376 -18.5263 0.0874696 0.111736
0.3075 0.78149 0.78082 -2.8096 -2.78769 -17.94 -17.8325 0.0934078 0.117669
0.315 0.759921 0.759417 -2.94107 -2.91879 -17.1137 -17.1233 0.0991881 0.123446
0.3225 0.73739 0.737052 -3.06624 -3.04449 -16.2609 -16.3949 0.104803 0.129058
0.33 0.713944 0.713764 -3.18492 -3.16465 -15.3834 -15.6421 0.110246 0.134499
0.3375 0.689633 0.689596 -3.29693 -3.27905 -14.4834 -14.8586 0.115509 0.139762
0.345 0.664507 0.664593 -3.40212 -3.38743 -13.5631 -14.0379 0.120587 0.144841
0.3525 0.638618 0.638801 -3.50034 -3.48951 -12.6246 -13.1738 0.125474 0.149729
0.36 0.61202 0.612267 -3.59145 -3.58492 -11.6701 -12.2615 0.130164 0.154421
0.3675 0.584765 0.585044 -3.67535 -3.6733 -10.7018 -11.2984 0.134652 0.158911
0.375 0.556908 0.557186 -3.75195 -3.75427 -9.72185 -10.2843 0.138933 0.163195
0.3825 0.528504 0.52875 -3.82116 -3.82745 -8.73253 -9.22232 0.143003 0.167268
0.39 0.499609 0.499795 -3.88292 -3.8925 -7.73605 -8.11886 0.146859 0.171125
0.3975 0.470279 0.470383 -3.93719 -3.94915 -6.73463 -6.98318 0.150496 0.174764
0.405 0.44057 0.440579 -3.98393 -3.9972 -5.73048 -5.82706 0.153911 0.17818
0.4125 0.410539 0.410447 -4.02314 -4.03654 -4.72579 -4.66385 0.157103 0.181371
0.42 0.380242 0.380053 -4.05482 -4.06717 -3.72273 -3.50752 0.160068 0.184336
0.4275 0.349735 0.349461 -4.07899 -4.0892 -2.72344 -2.37152 0.162806 0.187072
0.435 0.319076 0.318736 -4.09569 -4.10282 -1.73005 -1.26777 0.165314 0.189578
0.4425 0.288318 0.287939 -4.10496 -4.10832 -0.744635 -0.2058 0.167592 0.191853
0.45 0.25752 0.25713 -4.10688 -4.10603 0.23077 0.807875 0.169638 0.193897
0.4575 0.226733 0.226367 -4.10153 -4.09633 1.19417 1.76999 0.171454 0.19571
0.465 0.196014 0.195703 -4.089 -4.07961 2.14362 2.6805 0.17304 0.197292
0.4725 0.165416 0.165189 -4.06942 -4.05625 3.07724 3.54217 0.174395 0.198646
0.48 0.134991 0.134875 -4.04289 -4.02659 3.9932 4.36 0.175522 0.199771
0.4875 0.10479 0.104806 -4.00957 -3.99094 4.88972 5.14039 0.176421 0.200669
0.495 0.0748637 0.0750252 -3.9696 -3.94956 5.76511 5.89038 0.177094 0.201344
0.5025 0.0452619 0.0455761 -3.92315 -3.90264 6.61774 6.61681 0.177545 0.201796
0.51 0.0160323 0.016499 -3.87039 -3.85035 7.44605 7.32566 0.177775 0.202028
0.5175 -0.0127787 -0.012166 -3.81152 -3.79279 8.24856 8.0216 0.177787 0.202044
0.525 -0.0411257 -0.0403799 -3.74673 -3.73005 9.02387 8.70766 0.177585 0.201847
0.5325 -0.0689653 -0.068104 -3.67623 -3.6622 9.77066 9.38516 0.177172 0.20144
0.54 -0.0962555 -0.0953003 -3.60025 -3.5893 10.4877 10.0538 0.176552 0.200826
0.5475 -0.122956 -0.121931 -3.519 -3.51142 11.1738 10.712 0.17573 0.200011
0.555 -0.149028 -0.147959 -3.43272 -3.42865 11.828 11.3571 0.17471 0.198999
0.5625 -0.174435 -0.173349 -3.34166 -3.3411 12.4492 11.9855 0.173497 0.197794
0.57 -0.199141 -0.198064 -3.24606 -3.24892 13.0366 12.5938 0.172097 0.1964
0.5775 -0.223115 -0.222071 -3.14619 -3.15226 13.5895 13.178 0.170513 0.194825
0.585 -0.246324 -0.245337 -3.04231 -3.05132 14.107 13.7346 0.168753 0.193071
0.5925 -0.26874 -0.267831 -2.93468 -2.94631 14.5886 14.2606 0.166821 0.191146
0.6 -0.290336 -0.289523 -2.82357 -2.83749 15.0337 14.7533 0.164725 0.189056
0.6075 -0.311086 -0.310384 -2.70927 -2.7251 15.4421 15.2105 0.162469 0.186806
0.615 -0.330967 -0.330391 -2.59204 -2.60943 15.8132 15.6307 0.160062 0.184402
0.6225 -0.34996 -0.349518 -2.47216 -2.49074 16.147 16.0127 0.157508 0.181852
0.63 -0.368044 -0.367745 -2.34992 -2.36933 16.4433 16.3558 0.154816 0.179162
0.6375 -0.385203 -0.385052 -2.22561 -2.2455 16.702 16.6596 0.151991 0.176338
0.645 -0.401424 -0.401422 -2.09949 -2.11954 16.9231 16.9239 0.149041 0.173388
0.6525 -0.416692 -0.416841 -1.97185 -1.99174 17.1069 17.1487 0.145973 0.170319
0.66 -0.430998 -0.431295 -1.84298 -1.86241 17.2534 17.3342 0.142794 0.167138
0.6675 -0.444334 -0.444774 -1.71314 -1.73183 17.363 17.4807 0.139512 0.163852
0.675 -0.456694 -0.45727 -1.58262 -1.60029 17.4361 17.5884 0.136133 0.160469
0.6825 -0.468073 -0.468776 -1.45169 -1.46809 17.4732 17.6578 0.132665 0.156996
0.69 -0.478469 -0.47929 -1.32061 -1.33552 17.4747 17.6893 0.129116 0.15344
0.6975 -0.487882 -0.488809 -1.18966 -1.20285 17.4414 17.6833 0.125492 0.149809
0.705 -0.496315 -0.497333 -1.05908 -1.07036 17.3738 17.6403 0.121801 0.14611
0.7125 -0.50377 -0.504865 -0.929134 -0.938336 17.2728 17.5609 0.118051 0.142351
0.72 -0.510254 -0.51141 -0.800069 -0.807039 17.1391 17.4457 0.114248 0.13854
0.7275 -0.515774 -0.516974 -0.672127 -0.676739 16.9737 17.2953 0.110401 0.134682
0.735 -0.520339 -0.521564 -0.545541 -0.547696 16.7774 17.1105 0.106515 0.130787
0.7425 -0.523961 -0.525193 -0.42054 -0.420165 16.5514 16.8921 0.102599 0.126861
0.75 -0.526652 -0.527871 -0.297342 -0.294396 16.2966 16.641 0.0986592 0.122912
0.7575 -0.528426 -0.529614 -0.17616 -0.17063 16.0141 16.358 0.0947026 0.118946
0.765 -0.5293 -0.530436 -0.0571964 -0.0491021 15.7051 16.0443 0.0907362 0.11497
0.7725 -0.52929 -0.530356 0.059354 0.06996 15.3709 15.7008 0.0867665 0.110991
0.78 -0.528416 -0.529394 0.173306 0.186338 15.0125 15.3287 0.0828001 0.107017
0.7875 -0.526697 -0.527569 0.284484 0.299821 14.6312 14.9292 0.0788434 0.103053
0.795 -0.524156 -0.524904 0.392721 0.41021 14.2285 14.5036 0.0749027 0.0991054
0.8025 -0.520814 -0.521424 0.49786 0.517313 13.8055 14.0532 0.0709841 0.0951811
0.81 -0.516696 -0.517153 0.599756 0.62095 13.3636 13.5795 0.0670934 0.091286
0.8175 -0.511826 -0.512118 0.698271 0.72095 12.9042 13.0838 0.0632364 0.0874258
0.825 -0.506231 -0.506348 0.793278 0.817155 12.4286 12.5677 0.0594187 0.0836061
0.8325 -0.499936 -0.499871 0.884663 0.909418 11.9383 12.0327 0.0556456 0.0798323
0.84 -0.49297 -0.492717 0.972319 0.997602 11.4346 11.4803 0.0519222 0.0761097
0.8475 -0.485361 -0.484917 1.05615 1.08158 10.9188 10.9123 0.0482535 0.0724432
0.855 -0.477138 -0.476504 1.13608 1.16125 10.3925 10.3303 0.0446441 0.0688375
0.8625 -0.46833 -0.46751 1.21202 1.23651 9.85702 9.73588 0.0410986 0.065297
0.87 -0.458968 -0.457968 1.28391 1.30726 9.31368 9.1308 0.0376212 0.0618262
0.8775 -0.449081 -0.447912 1.35171 1.37345 8.76389 8.51677 0.034216 0.0584288
0.885 -0.438702 -0.437378 1.41536 1.435 8.20901 7.8955 0.0308868 0.0551087
0.8925 -0.427861 -0.426399 1.47483 1.49187 7.65037 7.26874 0.0276372 0.0518693
0.9 -0.41659 -0.415011 1.53011 1.54402 7.08931 6.63819 0.0244705 0.0487137
0.9075 -0.40492 -0.403251 1.58117 1.59143 6.52711 6.00559 0.0213899 0.045645
0.915 -0.392883 -0.391152 1.62801 1.6341 5.96505 5.37263 0.0183981 0.0426658
0.9225 -0.380511 -0.378751 1.67065 1.67203 5.40437 4.74101 0.0154979 0.0397785
0.93 -0.367834 -0.366083 1.70909 1.70522 4.84628 4.11239 0.0126916 0.0369852
0.9375 -0.354885 -0.353184 1.74335 1.73372 4.29197 3.4884 0.00998139 0.0342878
0.945 -0.341694 -0.340089 1.77348 1.75757 3.74257 2.87064 0.00736922 0.0316879
0.9525 -0.328293 -0.326832 1.7995 1.7768 3.19918 2.26068 0.00485677 0.0291869
0.96 -0.314712 -0.313448 1.82148 1.7915 2.66288 1.66004 0.0024455 0.0267858
0.9675 -0.300981 -0.299971 1.83947 1.80173 2.13468 1.07016 0.000136655 0.0244854
0.975 -0.28713 -0.286433 1.85353 1.80758 1.61556 0.492476 -0.00206876 0.0222864
0.9825 -0.273187 -0.272868 1.86373 1.80915 1.10646 -0.0716699 -0.00416995 0.020189
0.99 -0.259183 -0.259307 1.87015 1.80654 0.608253 -0.620986 -0.00616634 0.0181933
0.9975 -0.245144 -0.24578 1.87288 1.79988 0.121792 -1.15425 -0.00805756 0.0162993
1.005 -0.231099 -0.232318 1.87201 1.78927 -0.352138 -1.67031 -0.00984348 0.0145065
1.0125 -0.217073 -0.21895 1.86763 1.77487 -0.812795 -2.16808 -0.0115241 0.0128143
1.02 -0.203093 -0.205704 1.85985 1.7568 -1.25949 -2.64656 -0.0130997 0.0112219
1.0275 -0.189184 -0.192607 1.84877 1.73522 -1.69158 -3.10484 -0.0145708 0.00972835
1.035 -0.175369 -0.179684 1.83451 1.71028 -2.10848 -3.54206 -0.0159379 0.00833237
1.0425 -0.161674 -0.166961 1.81719 1.68214 -2.50965 -3.95748 -0.0172018 0.00703258
1.05 -0.148119 -0.15446 1.79691 1.65097 -2.89461 -4.35041 -0.0183635 0.0058274
1.0575 -0.134727 -0.142203 1.77381 1.61695 -3.26292 -4.72026 -0.0194242 0.00471508
1.065 -0.121518 -0.130212 1.74801 1.58023 -3.6142 -5.06655 -0.0203851 0.00369369
1.0725 -0.108513 -0.118506 1.71964 1.54101 -3.94813 -5.38885 -0.0212477 0.00276118
1.08 -0.09573 -0.107103 1.68883 1.49946 -4.26441 -5.68683 -0.0220136 0.00191534
1.0875 -0.0831865 -0.0960197 1.65572 1.45577 -4.56281 -5.96027 -0.0226845 0.00115383
1.095 -0.0708996 -0.0852715 1.62043 1.41012 -4.84317 -6.20899 -0.0232624 0.000474203
1.1025 -0.0588851 -0.0748724 1.58312 1.36269 -5.10534 -6.43294 -0.0237491 -0.000126115
1.11 -0.0471576 -0.0648351 1.5439 1.31368 -5.34925 -6.63214 -0.0241467 -0.000649788
1.1175 -0.035731 -0.0551707 1.50292 1.26327 -5.57485 -6.80667 -0.0244576 -0.00109957
1.125 -0.0246178 -0.045889 1.46032 1.21164 -5.78214 -6.95672 -0.0246839 -0.00147831
1.1325 -0.0138298 -0.0369986 1.41624 1.15898 -5.9712 -7.08254 -0.024828 -0.00178889
1.14 -0.00337766 -0.0285064 1.3708 1.10547 -6.1421 -7.18446 -0.0248926 -0.00203428
1.1475 0.00672913 -0.0204183 1.32415 1.05127 -6.29498 -7.26289 -0.02488 -0.00221749
1.155 0.0164819 -0.0127386 1.27642 0.99658 -6.43002 -7.3183 -0.024793 -0.00234158
1.1625 0.0258731 -0.00547043 1.22774 0.941556 -6.54744 -7.35122 -0.0246341 -0.0024096
1.17 0.034896 0.00138433 1.17825 0.886367 -6.64749 -7.36225 -0.0244062 -0.00242467
1.1775 0.0435451 0.00782507 1.12807 0.831175 -6.73045 -7.35205 -0.0241121 -0.00238987
1.185 0.0518157 0.0138523 1.07734 0.776137 -6.79665 -7.32134 -0.0237545 -0.00230832
1.1925 0.0597041 0.0194679 1.02617 0.721404 -6.84643 -7.27087 -0.0233363 -0.00218312
1.2 0.0672074 0.0246745 0.974681 0.667122 -6.88018 -7.20145 -0.0228604 -0.00201733
1.2075 0.0743238 0.0294762 0.923002 0.613428 -6.89832 -7.11393 -0.0223296 -0.00181401
1.215 0.0810523 0.0338778 0.871244 0.560456 -6.90126 -7.00921 -0.021747 -0.00157619
1.2225 0.0873926 0.0378851 0.81952 0.508331 -6.88949 -6.88819 -0.0211153 -0.00130683
1.23 0.0933454 0.0415051 0.767938 0.457171 -6.86347 -6.75182 -0.0204375 -0.00100888
1.2375 0.0989123 0.0447454 0.716602 0.407089 -6.82371 -6.60109 -0.0197166 -0.000685202
1.245 0.104095 0.0476144 0.665615 0.358188 -6.77074 -6.43697 -0.0189553 -0.000338624
1.2525 0.108898 0.0501214 0.615073 0.310566 -6.70509 -6.26047 -0.0181566 2.81088e-05
1.26 0.113323 0.0522763 0.565069 0.26431 -6.62731 -6.07262 -0.0173232 0.000412317
1.2675 0.117375 0.0540897 0.515692 0.219502 -6.53797 -5.87443 -0.0164581 0.0008114
1.275 0.12106 0.0555727 0.467027 0.176217 -6.43765 -5.66692 -0.015564 0.00122284
1.2825 0.124383 0.0567369 0.419153 0.134519 -6.32693 -5.45113 -0.0146436 0.00164419
1.29 0.127349 0.0575946 0.372147 0.0944678 -6.2064 -5.22806 -0.0136996 0.00207312
1.2975 0.129967 0.0581582 0.32608 0.0561138 -6.07667 -4.99871 -0.0127346 0.00250738
1.305 0.132243 0.0584406 0.281019 0.0195003 -5.93834 -4.7641 -0.0117514 0.00294479
1.3125 0.134185 0.0584551 0.237025 -0.0153369 -5.792 -4.52518 -0.0107523 0.00338332
1.32 0.135801 0.0582151 0.194157 -0.048369 -5.63827 -4.28291 -0.0097398 0.00382098
1.3275 0.1371 0.0577341 0.152468 -0.0795745 -5.47774 -4.03824 -0.00871642 0.00425594
1.335 0.138091 0.0570261 0.112007 -0.108939 -5.31102 -3.79205 -0.00768445 0.00468643
1.3425 0.138784 0.0561047 0.0728169 -0.136454 -5.13871 -3.54523 -0.00664617 0.0051108
1.35 0.139187 0.0549839 0.0349386 -0.162118 -4.96139 -3.29862 -0.00560378 0.0055275
1.3575 0.139311 0.0536775 -0.00159286 -0.185935 -4.77965 -3.05303 -0.00455941 0.00593509
1.365 0.139166 0.0521994 -0.0367465 -0.207918 -4.59405 -2.80924 -0.00351512 0.00633223
1.3725 0.138763 0.0505633 -0.0704955 -0.22808 -4.40518 -2.56799 -0.00247288 0.00671769
1.38 0.138113 0.0487827 -0.102817 -0.246445 -4.21358 -2.32996 -0.0014346 0.00709032
1.3875 0.137225 0.0468711 -0.133694 -0.26304 -4.01979 -2.09584 -0.000402083 0.0074491
1.395 0.136111 0.0448415 -0.16311 -0.277894 -3.82434 -1.86622 0.000622925 0.00779309
1.4025 0.134782 0.0427069 -0.191056 -0.291046 -3.62775 -1.64168 0.00163877 0.00812146
1.41 0.133249 0.04048 -0.217525 -0.302534 -3.43052 -1.42276 0.00264389 0.00843347
1.4175 0.131523 0.038173 -0.242513 -0.312402 -3.23314 -1.20994 0.00363678 0.00872846
1.425 0.129615 0.0357979 -0.266023 -0.320699 -3.03606 -1.00367 0.00461605 0.00900589
1.4325 0.127536 0.0333663 -0.288056 -0.327475 -2.83975 -0.804345 0.00558036 0.00926529
1.44 0.125298 0.0308894 -0.308622 -0.332782 -2.64464 -0.612327 0.00652849 0.00950627
1.4475 0.12291 0.0283781 -0.32773 -0.336679 -2.45114 -0.427929 0.00745927 0.00972854
1.455 0.120385 0.0258426 -0.345394 -0.339221 -2.25964 -0.251422 0.00837162 0.00993188
1.4625 0.117733 0.023293 -0.36163 -0.34047 -2.07053 -0.0830376 0.00926457 0.0101161
1.47 0.114964 0.0207386 -0.376459 -0.340487 -1.88416 0.0770354 0.0101372 0.0102813
1.4775 0.11209 0.0181886 -0.389901 -0.339336 -1.70087 0.228647 0.0109886 0.0104272
1.485 0.109119 0.0156514 -0.40198 -0.337079 -1.52098 0.371688 0.0118182 0.0105541
1.4925 0.106063 0.013135 -0.412725 -0.333782 -1.34479 0.506082 0.0126251 0.0106621
1.5 0.102932 0.0106471 -0.422162 -0.32951 -1.17256 0.631794 0.0134088 0.0107512
