0 0 -1.70993e-05 1 1.00011 -0 0.0597272
0.00785398 0.0078539 0.00783949 0.999969 1.00053 -0.0078539 0.0470233
0.015708 0.0157073 0.015699 0.999877 1.00085 -0.0157073 0.0344851
0.0235619 0.0235598 0.0235606 0.999722 1.00108 -0.0235598 0.0221134
0.0314159 0.0314108 0.0314236 0.999507 1.0012 -0.0314108 0.0099085
0.0392699 0.0392598 0.0392872 0.999229 1.00123 -0.0392598 -0.00212916
0.0471239 0.0471065 0.0471507 0.99889 1.00117 -0.0471065 -0.0139995
0.0549779 0.0549502 0.0550133 0.998489 1.00101 -0.0549502 -0.0257025
0.0628319 0.0627905 0.0628743 0.998027 1.00077 -0.0627905 -0.0372384
0.0706858 0.070627 0.070733 0.997503 1.00043 -0.070627 -0.0486077
0.0785398 0.0784591 0.0785887 0.996917 1 -0.0784591 -0.0598109
0.0863938 0.0862864 0.0864408 0.99627 0.999489 -0.0862864 -0.0708486
0.0942478 0.0941083 0.0942884 0.995562 0.998889 -0.0941083 -0.0817219
0.102102 0.101924 0.102131 0.994792 0.998205 -0.101924 -0.0924317
0.109956 0.109734 0.109968 0.993961 0.997438 -0.109734 -0.102979
0.11781 0.117537 0.117799 0.993068 0.996588 -0.117537 -0.113366
0.125664 0.125333 0.125622 0.992115 0.995658 -0.125333 -0.123593
0.133518 0.133121 0.133438 0.9911 0.994647 -0.133121 -0.133663
0.141372 0.140901 0.141246 0.990024 0.993558 -0.140901 -0.143576
0.149226 0.148672 0.149045 0.988886 0.992392 -0.148672 -0.153336
0.15708 0.156434 0.156834 0.987688 0.99115 -0.156434 -0.162943
0.164934 0.164187 0.164613 0.986429 0.989833 -0.164187 -0.172401
0.172788 0.171929 0.172382 0.985109 0.988443 -0.171929 -0.181711
0.180642 0.179661 0.18014 0.983729 0.986979 -0.179661 -0.190876
0.188496 0.187381 0.187885 0.982287 0.985445 -0.187381 -0.199899
0.19635 0.19509 0.195619 0.980785 0.98384 -0.19509 -0.208781
0.204204 0.202787 0.203339 0.979223 0.982166 -0.202787 -0.217526
0.212058 0.210472 0.211046 0.9776 0.980423 -0.210472 -0.226137
0.219911 0.218143 0.21874 0.975917 0.978614 -0.218143 -0.234616
0.227765 0.225801 0.226418 0.974173 0.976738 -0.225801 -0.242966
0.235619 0.233445 0.234082 0.97237 0.974798 -0.233445 -0.251191
0.243473 0.241075 0.24173 0.970506 0.972793 -0.241075 -0.259294
0.251327 0.24869 0.249362 0.968583 0.970725 -0.24869 -0.267277
0.259181 0.256289 0.256978 0.9666 0.968595 -0.256289 -0.275145
0.267035 0.263873 0.264577 0.964557 0.966403 -0.263873 -0.282899
0.274889 0.27144 0.272158 0.962455 0.964151 -0.27144 -0.290545
0.282743 0.278991 0.279722 0.960294 0.96184 -0.278991 -0.298084
0.290597 0.286525 0.287267 0.958073 0.959469 -0.286525 -0.305521
0.298451 0.29404 0.294793 0.955793 0.957041 -0.29404 -0.312859
0.306305 0.301538 0.3023 0.953454 0.954555 -0.301538 -0.320102
0.314159 0.309017 0.309787 0.951057 0.952013 -0.309017 -0.327252
0.322013 0.316477 0.317254 0.9486 0.949415 -0.316477 -0.334314
0.329867 0.323917 0.3247 0.946085 0.946762 -0.323917 -0.341291
0.337721 0.331338 0.332125 0.943512 0.944054 -0.331338 -0.348186
0.345575 0.338738 0.339529 0.940881 0.941293 -0.338738 -0.355003
0.353429 0.346117 0.346911 0.938191 0.938478 -0.346117 -0.361746
0.361283 0.353475 0.35427 0.935444 0.935611 -0.353475 -0.368418
0.369137 0.360811 0.361607 0.932639 0.932691 -0.360811 -0.375022
0.376991 0.368125 0.368921 0.929776 0.92972 -0.368125 -0.381561
0.384845 0.375416 0.376211 0.926857 0.926698 -0.375416 -0.38804
0.392699 0.382683 0.383477 0.92388 0.923625 -0.382683 -0.394462
0.400553 0.389928 0.390719 0.920845 0.920502 -0.389928 -0.400829
0.408407 0.397148 0.397936 0.917755 0.917329 -0.397148 -0.407145
0.416261 0.404344 0.405129 0.914607 0.914106 -0.404344 -0.413414
0.424115 0.411514 0.412295 0.911403 0.910835 -0.411514 -0.419637
0.431969 0.41866 0.419436 0.908143 0.907515 -0.41866 -0.42582
0.439823 0.425779 0.42655 0.904827 0.904146 -0.425779 -0.431964
0.447677 0.432873 0.433638 0.901455 0.90073 -0.432873 -0.438072
0.455531 0.439939 0.440699 0.898028 0.897265 -0.439939 -0.444147
0.463385 0.446979 0.447732 0.894545 0.893753 -0.446979 -0.450193
0.471239 0.45399 0.454738 0.891007 0.890194 -0.45399 -0.456211
0.479093 0.460974 0.461715 0.887413 0.886587 -0.460974 -0.462204
0.486947 0.46793 0.468664 0.883766 0.882933 -0.46793 -0.468175
0.494801 0.474856 0.475584 0.880063 0.879233 -0.474856 -0.474127
0.502655 0.481754 0.482475 0.876307 0.875486 -0.481754 -0.48006
0.510509 0.488621 0.489336 0.872496 0.871692 -0.488621 -0.485979
0.518363 0.495459 0.496167 0.868632 0.867852 -0.495459 -0.491884
0.526217 0.502266 0.502968 0.864713 0.863966 -0.502266 -0.497778
0.534071 0.509041 0.509738 0.860742 0.860033 -0.509041 -0.503663
0.541925 0.515786 0.516477 0.856718 0.856054 -0.515786 -0.50954
0.549779 0.522499 0.523185 0.85264 0.852029 -0.522499 -0.515411
0.557633 0.529179 0.529861 0.84851 0.847958 -0.529179 -0.521278
0.565487 0.535827 0.536505 0.844328 0.843841 -0.535827 -0.527142
0.573341 0.542442 0.543116 0.840094 0.839678 -0.542442 -0.533004
0.581195 0.549023 0.549694 0.835807 0.835469 -0.549023 -0.538866
0.589049 0.55557 0.556239 0.83147 0.831213 -0.55557 -0.544728
0.596903 0.562083 0.562751 0.827081 0.826912 -0.562083 -0.550592
0.604757 0.568562 0.569228 0.822641 0.822565 -0.568562 -0.556458
0.612611 0.575005 0.575671 0.81815 0.818171 -0.575005 -0.562328
0.620465 0.581413 0.58208 0.813608 0.813732 -0.581413 -0.568201
0.628319 0.587785 0.588453 0.809017 0.809246 -0.587785 -0.574079
0.636173 0.594121 0.594791 0.804376 0.804714 -0.594121 -0.579961
0.644026 0.60042 0.601094 0.799685 0.800136 -0.60042 -0.585848
0.65188 0.606682 0.60736 0.794944 0.795511 -0.606682 -0.59174
0.659734 0.612907 0.613589 0.790155 0.790841 -0.612907 -0.597637
0.667588 0.619094 0.619782 0.785317 0.786124 -0.619094 -0.603539
0.675442 0.625243 0.625938 0.78043 0.78136 -0.625243 -0.609445
0.683296 0.631353 0.632055 0.775496 0.776551 -0.631353 -0.615356
0.69115 0.637424 0.638135 0.770513 0.771694 -0.637424 -0.62127
0.699004 0.643456 0.644177 0.765483 0.766792 -0.643456 -0.627188
0.706858 0.649448 0.65018 0.760406 0.761843 -0.649448 -0.633108
0.714712 0.6554 0.656144 0.755282 0.756847 -0.6554 -0.639031
0.722566 0.661312 0.662068 0.750111 0.751805 -0.661312 -0.644954
0.73042 0.667183 0.667953 0.744894 0.746716 -0.667183 -0.650878
0.738274 0.673013 0.673798 0.739631 0.741581 -0.673013 -0.6568
0.746128 0.678801 0.679602 0.734323 0.736399 -0.678801 -0.662721
0.753982 0.684547 0.685365 0.728969 0.731171 -0.684547 -0.668638
0.761836 0.690251 0.691087 0.72357 0.725896 -0.690251 -0.674551
0.76969 0.695913 0.696767 0.718126 0.720575 -0.695913 -0.680458
0.777544 0.701531 0.702405 0.712639 0.715208 -0.701531 -0.686357
0.785398 0.707107 0.708001 0.707107 0.709794 -0.707107 -0.692248
0.793252 0.712639 0.713555 0.701531 0.704334 -0.712639 -0.698128
0.801106 0.718126 0.719065 0.695913 0.698828 -0.718126 -0.703996
0.80896 0.72357 0.724532 0.690251 0.693275 -0.72357 -0.70985
0.816814 0.728969 0.729955 0.684547 0.687677 -0.728969 -0.715688
0.824668 0.734323 0.735334 0.678801 0.682033 -0.734323 -0.721509
0.832522 0.739631 0.740668 0.673013 0.676344 -0.739631 -0.72731
0.840376 0.744894 0.745958 0.667183 0.670609 -0.744894 -0.733091
0.84823 0.750111 0.751202 0.661312 0.664829 -0.750111 -0.738848
0.856084 0.755282 0.756401 0.6554 0.659003 -0.755282 -0.74458
0.863938 0.760406 0.761553 0.649448 0.653133 -0.760406 -0.750284
0.871792 0.765483 0.76666 0.643456 0.647218 -0.765483 -0.75596
0.879646 0.770513 0.77172 0.637424 0.641258 -0.770513 -0.761604
0.8875 0.775496 0.776733 0.631353 0.635255 -0.775496 -0.767215
0.895354 0.78043 0.781698 0.625243 0.629207 -0.78043 -0.77279
0.903208 0.785317 0.786616 0.619094 0.623116 -0.785317 -0.778328
0.911062 0.790155 0.791486 0.612907 0.616981 -0.790155 -0.783826
0.918916 0.794944 0.796307 0.606682 0.610804 -0.794944 -0.789283
0.92677 0.799685 0.80108 0.60042 0.604583 -0.799685 -0.794695
0.934624 0.804376 0.805804 0.594121 0.598321 -0.804376 -0.800062
0.942478 0.809017 0.810479 0.587785 0.592016 -0.809017 -0.805381
0.950332 0.813608 0.815103 0.581413 0.58567 -0.813608 -0.810649
0.958186 0.81815 0.819678 0.575005 0.579283 -0.81815 -0.815866
0.96604 0.822641 0.824203 0.568562 0.572855 -0.822641 -0.821029
0.973894 0.827081 0.828676 0.562083 0.566386 -0.827081 -0.826136
0.981748 0.83147 0.833099 0.55557 0.559878 -0.83147 -0.831185
0.989602 0.835807 0.837471 0.549023 0.55333 -0.835807 -0.836174
0.997456 0.840094 0.841791 0.542442 0.546743 -0.840094 -0.841102
1.00531 0.844328 0.846059 0.535827 0.540118 -0.844328 -0.845966
1.01316 0.84851 0.850275 0.529179 0.533455 -0.84851 -0.850765
1.02102 0.85264 0.854438 0.522499 0.526755 -0.85264 -0.855498
1.02887 0.856718 0.858549 0.515786 0.520017 -0.856718 -0.860162
1.03673 0.860742 0.862607 0.509041 0.513243 -0.860742 -0.864756
1.04458 0.864713 0.866611 0.502266 0.506434 -0.864713 -0.869278
1.05243 0.868632 0.870562 0.495459 0.499589 -0.868632 -0.873727
1.06029 0.872496 0.874458 0.488621 0.492709 -0.872496 -0.878102
1.06814 0.876307 0.878301 0.481754 0.485796 -0.876307 -0.882402
1.076 0.880063 0.882089 0.474856 0.478849 -0.880063 -0.886624
1.08385 0.883766 0.885823 0.46793 0.471869 -0.883766 -0.890769
1.0917 0.887413 0.889501 0.460974 0.464857 -0.887413 -0.894834
1.09956 0.891007 0.893125 0.45399 0.457813 -0.891007 -0.898819
1.10741 0.894545 0.896692 0.446979 0.450739 -0.894545 -0.902723
1.11527 0.898028 0.900205 0.439939 0.443634 -0.898028 -0.906545
1.12312 0.901455 0.903661 0.432873 0.436499 -0.901455 -0.910284
1.13097 0.904827 0.907061 0.425779 0.429335 -0.904827 -0.913939
1.13883 0.908143 0.910405 0.41866 0.422143 -0.908143 -0.917511
1.14668 0.911403 0.913692 0.411514 0.414923 -0.911403 -0.920998
1.15454 0.914607 0.916922 0.404344 0.407676 -0.914607 -0.924399
1.16239 0.917755 0.920096 0.397148 0.400403 -0.917755 -0.927716
1.17024 0.920845 0.923212 0.389928 0.393104 -0.920845 -0.930946
1.1781 0.92388 0.92627 0.382683 0.38578 -0.92388 -0.934091
1.18595 0.926857 0.929272 0.375416 0.378431 -0.926857 -0.93715
1.19381 0.929776 0.932215 0.368125 0.371059 -0.929776 -0.940122
1.20166 0.932639 0.9351 0.360811 0.363664 -0.932639 -0.943008
1.20951 0.935444 0.937927 0.353475 0.356247 -0.935444 -0.945809
1.21737 0.938191 0.940696 0.346117 0.348808 -0.938191 -0.948523
1.22522 0.940881 0.943406 0.338738 0.341348 -0.940881 -0.951152
1.23308 0.943512 0.946058 0.331338 0.333867 -0.943512 -0.953696
1.24093 0.946085 0.948651 0.323917 0.326367 -0.946085 -0.956155
1.24878 0.9486 0.951184 0.316477 0.318848 -0.9486 -0.95853
1.25664 0.951057 0.953659 0.309017 0.311311 -0.951057 -0.960821
1.26449 0.953454 0.956074 0.301538 0.303756 -0.953454 -0.963029
1.27235 0.955793 0.95843 0.29404 0.296184 -0.955793 -0.965154
1.2802 0.958073 0.960727 0.286525 0.288596 -0.958073 -0.967198
1.28805 0.960294 0.962963 0.278991 0.280991 -0.960294 -0.969161
1.29591 0.962455 0.96514 0.27144 0.273372 -0.962455 -0.971044
1.30376 0.964557 0.967258 0.263873 0.265739 -0.964557 -0.972847
1.31161 0.9666 0.969315 0.256289 0.258091 -0.9666 -0.974573
1.31947 0.968583 0.971312 0.24869 0.25043 -0.968583 -0.976222
1.32732 0.970506 0.973248 0.241075 0.242757 -0.970506 -0.977794
1.33518 0.97237 0.975125 0.233445 0.235071 -0.97237 -0.979292
1.34303 0.974173 0.976941 0.225801 0.227374 -0.974173 -0.980716
1.35088 0.975917 0.978696 0.218143 0.219666 -0.975917 -0.982067
1.35874 0.9776 0.980391 0.210472 0.211948 -0.9776 -0.983347
1.36659 0.979223 0.982026 0.202787 0.20422 -0.979223 -0.984557
1.37445 0.980785 0.983599 0.19509 0.196483 -0.980785 -0.985698
1.3823 0.982287 0.985112 0.187381 0.188737 -0.982287 -0.986771
1.39015 0.983729 0.986564 0.179661 0.180983 -0.983729 -0.987778
1.39801 0.985109 0.987955 0.171929 0.173221 -0.985109 -0.98872
1.40586 0.986429 0.989285 0.164187 0.165452 -0.986429 -0.989598
1.41372 0.987688 0.990554 0.156434 0.157677 -0.987688 -0.990414
1.42157 0.988886 0.991762 0.148672 0.149895 -0.988886 -0.991169
1.42942 0.990024 0.992908 0.140901 0.142108 -0.990024 -0.991864
1.43728 0.9911 0.993994 0.133121 0.134315 -0.9911 -0.992501
1.44513 0.992115 0.995018 0.125333 0.126518 -0.992115 -0.99308
1.45299 0.993068 0.995981 0.117537 0.118716 -0.993068 -0.993604
1.46084 0.993961 0.996883 0.109734 0.11091 -0.993961 -0.994074
1.46869 0.994792 0.997723 0.101924 0.103101 -0.994792 -0.994491
1.47655 0.995562 0.998502 0.0941083 0.0952891 -0.995562 -0.994855
1.4844 0.99627 0.99922 0.0862864 0.0874743 -0.99627 -0.995169
1.49226 0.996917 0.999876 0.0784591 0.0796572 -0.996917 -0.995433
1.50011 0.997503 1.00047 0.070627 0.0718382 -0.997503 -0.995649
1.50796 0.998027 1.001 0.0627905 0.0640177 -0.998027 -0.995818
1.51582 0.998489 1.00148 0.0549502 0.056196 -0.998489 -0.995941
1.52367 0.99889 1.00189 0.0471065 0.0483736 -0.99889 -0.996019
1.53153 0.999229 1.00224 0.0392598 0.0405507 -0.999229 -0.996052
1.53938 0.999507 1.00252 0.0314108 0.0327277 -0.999507 -0.996043
1.54723 0.999722 1.00275 0.0235598 0.024905 -0.999722 -0.995991
1.55509 0.999877 1.00292 0.0157073 0.0170829 -0.999877 -0.995898
1.56294 0.999969 1.00302 0.0078539 0.00926159 -0.999969 -0.995764
1.5708 1 1.00306 6.12323e-17 0.00144153 -1 -0.995591
1.57865 0.999969 1.00304 -0.0078539 -0.00637701 -0.999969 -0.995378
1.5865 0.999877 1.00296 -0.0157073 -0.0141937 -0.999877 -0.995127
1.59436 0.999722 1.00282 -0.0235598 -0.0220083 -0.999722 -0.994838
1.60221 0.999507 1.00262 -0.0314108 -0.0298205 -0.999507 -0.994512
1.61007 0.999229 1.00235 -0.0392598 -0.03763 -0.999229 -0.994148
1.61792 0.99889 1.00202 -0.0471065 -0.0454365 -0.99889 -0.993748
1.62577 0.998489 1.00164 -0.0549502 -0.0532397 -0.998489 -0.993312
1.63363 0.998027 1.00119 -0.0627905 -0.0610393 -0.998027 -0.99284
1.64148 0.997503 1.00068 -0.070627 -0.0688351 -0.997503 -0.992331
1.64934 0.996917 1.00011 -0.0784591 -0.0766267 -0.996917 -0.991787
1.65719 0.99627 0.999474 -0.0862864 -0.0844139 -0.99627 -0.991208
1.66504 0.995562 0.998781 -0.0941083 -0.0921965 -0.995562 -0.990592
1.6729 0.994792 0.998026 -0.101924 -0.099974 -0.994792 -0.989941
1.68075 0.993961 0.99721 -0.109734 -0.107746 -0.993961 -0.989253
1.68861 0.993068 0.996334 -0.117537 -0.115513 -0.993068 -0.988529
1.69646 0.992115 0.995396 -0.125333 -0.123274 -0.992115 -0.987769
1.70431 0.9911 0.994397 -0.133121 -0.131029 -0.9911 -0.986971
1.71217 0.990024 0.993338 -0.140901 -0.138777 -0.990024 -0.986137
1.72002 0.988886 0.992217 -0.148672 -0.146519 -0.988886 -0.985264
1.72788 0.987688 0.991036 -0.156434 -0.154254 -0.987688 -0.984353
1.73573 0.986429 0.989794 -0.164187 -0.161981 -0.986429 -0.983402
1.74358 0.985109 0.988492 -0.171929 -0.169701 -0.985109 -0.982412
1.75144 0.983729 0.987129 -0.179661 -0.177413 -0.983729 -0.981381
1.75929 0.982287 0.985705 -0.187381 -0.185116 -0.982287 -0.980309
1.76715 0.980785 0.984221 -0.19509 -0.192811 -0.980785 -0.979195
1.775 0.979223 0.982676 -0.202787 -0.200497 -0.979223 -0.978038
1.78285 0.9776 0.981072 -0.210472 -0.208174 -0.9776 -0.976836
1.79071 0.975917 0.979406 -0.218143 -0.215841 -0.975917 -0.97559
1.79856 0.974173 0.977681 -0.225801 -0.223498 -0.974173 -0.974297
1.80642 0.97237 0.975896 -0.233445 -0.231145 -0.97237 -0.972957
1.81427 0.970506 0.97405 -0.241075 -0.238781 -0.970506 -0.971569
1.82212 0.968583 0.972145 -0.24869 -0.246407 -0.968583 -0.970132
1.82998 0.9666 0.97018 -0.256289 -0.25402 -0.9666 -0.968643
1.83783 0.964557 0.968155 -0.263873 -0.261622 -0.964557 -0.967103
1.84569 0.962455 0.96607 -0.27144 -0.269211 -0.962455 -0.96551
1.85354 0.960294 0.963926 -0.278991 -0.276788 -0.960294 -0.963862
1.86139 0.958073 0.961723 -0.286525 -0.284351 -0.958073 -0.962159
1.86925 0.955793 0.95946 -0.29404 -0.291901 -0.955793 -0.960399
1.8771 0.953454 0.957137 -0.301538 -0.299437 -0.953454 -0.95858
1.88496 0.951057 0.954756 -0.309017 -0.306958 -0.951057 -0.956702
1.89281 0.9486 0.952316 -0.316477 -0.314465 -0.9486 -0.954763
1.90066 0.946085 0.949817 -0.323917 -0.321956 -0.946085 -0.952761
1.90852 0.943512 0.947259 -0.331338 -0.329431 -0.943512 -0.950696
1.91637 0.940881 0.944642 -0.338738 -0.336889 -0.940881 -0.948567
1.92423 0.938191 0.941967 -0.346117 -0.34433 -0.938191 -0.946371
1.93208 0.935444 0.939233 -0.353475 -0.351754 -0.935444 -0.944108
1.93993 0.932639 0.936441 -0.360811 -0.35916 -0.932639 -0.941776
1.94779 0.929776 0.933592 -0.368125 -0.366548 -0.929776 -0.939374
1.95564 0.926857 0.930684 -0.375416 -0.373916 -0.926857 -0.936901
1.9635 0.92388 0.927718 -0.382683 -0.381264 -0.92388 -0.934356
1.97135 0.920845 0.924695 -0.389928 -0.388592 -0.920845 -0.931738
1.9792 0.917755 0.921614 -0.397148 -0.3959 -0.917755 -0.929045
1.98706 0.914607 0.918476 -0.404344 -0.403186 -0.914607 -0.926276
1.99491 0.911403 0.915281 -0.411514 -0.410449 -0.911403 -0.923431
2.00277 0.908143 0.912029 -0.41866 -0.417691 -0.908143 -0.920508
2.01062 0.904827 0.90872 -0.425779 -0.424909 -0.904827 -0.917508
2.01847 0.901455 0.905355 -0.432873 -0.432103 -0.901455 -0.914427
2.02633 0.898028 0.901933 -0.439939 -0.439272 -0.898028 -0.911267
2.03418 0.894545 0.898455 -0.446979 -0.446416 -0.894545 -0.908026
2.04204 0.891007 0.894921 -0.45399 -0.453535 -0.891007 -0.904704
2.04989 0.887413 0.891331 -0.460974 -0.460627 -0.887413 -0.9013
2.05774 0.883766 0.887685 -0.46793 -0.467692 -0.883766 -0.897813
2.0656 0.880063 0.883984 -0.474856 -0.47473 -0.880063 -0.894243
2.07345 0.876307 0.880228 -0.481754 -0.481739 -0.876307 -0.89059
2.08131 0.872496 0.876417 -0.488621 -0.488719 -0.872496 -0.886853
2.08916 0.868632 0.872551 -0.495459 -0.495669 -0.868632 -0.883033
2.09701 0.864713 0.868631 -0.502266 -0.502589 -0.864713 -0.879128
2.10487 0.860742 0.864657 -0.509041 -0.509479 -0.860742 -0.87514
2.11272 0.856718 0.860628 -0.515786 -0.516336 -0.856718 -0.871067
2.12058 0.85264 0.856546 -0.522499 -0.523161 -0.85264 -0.866911
2.12843 0.84851 0.852411 -0.529179 -0.529953 -0.84851 -0.862671
2.13628 0.844328 0.848222 -0.535827 -0.536712 -0.844328 -0.858347
2.14414 0.840094 0.84398 -0.542442 -0.543436 -0.840094 -0.853941
2.15199 0.835807 0.839686 -0.549023 -0.550125 -0.835807 -0.849452
2.15984 0.83147 0.835339 -0.55557 -0.556779 -0.83147 -0.844882
2.1677 0.827081 0.83094 -0.562083 -0.563396 -0.827081 -0.84023
2.17555 0.822641 0.826489 -0.568562 -0.569977 -0.822641 -0.835497
2.18341 0.81815 0.821987 -0.575005 -0.57652 -0.81815 -0.830685
2.19126 0.813608 0.817433 -0.581413 -0.583025 -0.813608 -0.825794
2.19911 0.809017 0.812829 -0.587785 -0.589491 -0.809017 -0.820825
2.20697 0.804376 0.808174 -0.594121 -0.595918 -0.804376 -0.81578
2.21482 0.799685 0.803468 -0.60042 -0.602305 -0.799685 -0.810659
2.22268 0.794944 0.798713 -0.606682 -0.608652 -0.794944 -0.805464
2.23053 0.790155 0.793908 -0.612907 -0.614957 -0.790155 -0.800196
2.23838 0.785317 0.789053 -0.619094 -0.621221 -0.785317 -0.794857
2.24624 0.78043 0.78415 -0.625243 -0.627443 -0.78043 -0.789448
2.25409 0.775496 0.779198 -0.631353 -0.633622 -0.775496 -0.78397
2.26195 0.770513 0.774197 -0.637424 -0.639757 -0.770513 -0.778425
2.2698 0.765483 0.769148 -0.643456 -0.645849 -0.765483 -0.772816
2.27765 0.760406 0.764052 -0.649448 -0.651896 -0.760406 -0.767143
2.28551 0.755282 0.758908 -0.6554 -0.657899 -0.755282 -0.761409
2.29336 0.750111 0.753718 -0.661312 -0.663856 -0.750111 -0.755615
2.30122 0.744894 0.748481 -0.667183 -0.669768 -0.744894 -0.749764
2.30907 0.739631 0.743197 -0.673013 -0.675633 -0.739631 -0.743857
2.31692 0.734323 0.737868 -0.678801 -0.681452 -0.734323 -0.737897
2.32478 0.728969 0.732493 -0.684547 -0.687224 -0.728969 -0.731886
2.33263 0.72357 0.727073 -0.690251 -0.692949 -0.72357 -0.725825
2.34049 0.718126 0.721609 -0.695913 -0.698625 -0.718126 -0.719717
2.34834 0.712639 0.716099 -0.701531 -0.704254 -0.712639 -0.713565
2.35619 0.707107 0.710546 -0.707107 -0.709834 -0.707107 -0.70737
2.36405 0.701531 0.70495 -0.712639 -0.715365 -0.701531 -0.701134
2.3719 0.695913 0.69931 -0.718126 -0.720847 -0.695913 -0.694861
2.37976 0.690251 0.693627 -0.72357 -0.72628 -0.690251 -0.688552
2.38761 0.684547 0.687901 -0.728969 -0.731663 -0.684547 -0.682209
2.39546 0.678801 0.682134 -0.734323 -0.736996 -0.678801 -0.675836
2.40332 0.673013 0.676325 -0.739631 -0.742279 -0.673013 -0.669434
2.41117 0.667183 0.670474 -0.744894 -0.747511 -0.667183 -0.663005
2.41903 0.661312 0.664583 -0.750111 -0.752693 -0.661312 -0.656552
2.42688 0.6554 0.658651 -0.755282 -0.757824 -0.6554 -0.650077
2.43473 0.649448 0.652679 -0.760406 -0.762904 -0.649448 -0.643582
2.44259 0.643456 0.646668 -0.765483 -0.767934 -0.643456 -0.63707
2.45044 0.637424 0.640617 -0.770513 -0.772911 -0.637424 -0.630542
2.4583 0.631353 0.634527 -0.775496 -0.777838 -0.631353 -0.624001
2.46615 0.625243 0.628399 -0.78043 -0.782713 -0.625243 -0.617449
2.474 0.619094 0.622232 -0.785317 -0.787537 -0.619094 -0.610887
2.48186 0.612907 0.616028 -0.790155 -0.792309 -0.612907 -0.604319
2.48971 0.606682 0.609787 -0.794944 -0.79703 -0.606682 -0.597745
2.49757 0.60042 0.603509 -0.799685 -0.801698 -0.60042 -0.591168
2.50542 0.594121 0.597194 -0.804376 -0.806316 -0.594121 -0.584589
2.51327 0.587785 0.590843 -0.809017 -0.810881 -0.587785 -0.578009
2.52113 0.581413 0.584457 -0.813608 -0.815395 -0.581413 -0.571432
2.52898 0.575005 0.578035 -0.81815 -0.819857 -0.575005 -0.564857
2.53684 0.568562 0.571579 -0.822641 -0.824268 -0.568562 -0.558287
2.54469 0.562083 0.565088 -0.827081 -0.828627 -0.562083 -0.551723
2.55254 0.55557 0.558563 -0.83147 -0.832934 -0.55557 -0.545165
2.5604 0.549023 0.552004 -0.835807 -0.83719 -0.549023 -0.538615
2.56825 0.542442 0.545412 -0.840094 -0.841395 -0.542442 -0.532075
2.57611 0.535827 0.538788 -0.844328 -0.845548 -0.535827 -0.525544
2.58396 0.529179 0.53213 -0.84851 -0.84965 -0.529179 -0.519023
2.59181 0.522499 0.525441 -0.85264 -0.853701 -0.522499 -0.512514
2.59967 0.515786 0.518721 -0.856718 -0.857701 -0.515786 -0.506016
2.60752 0.509041 0.511969 -0.860742 -0.861649 -0.509041 -0.49953
2.61538 0.502266 0.505186 -0.864713 -0.865547 -0.502266 -0.493056
2.62323 0.495459 0.498373 -0.868632 -0.869394 -0.495459 -0.486594
2.63108 0.488621 0.49153 -0.872496 -0.873191 -0.488621 -0.480144
2.63894 0.481754 0.484657 -0.876307 -0.876936 -0.481754 -0.473706
2.64679 0.474856 0.477755 -0.880063 -0.880632 -0.474856 -0.46728
2.65465 0.46793 0.470824 -0.883766 -0.884276 -0.46793 -0.460864
2.6625 0.460974 0.463865 -0.887413 -0.887871 -0.460974 -0.454458
2.67035 0.45399 0.456878 -0.891007 -0.891415 -0.45399 -0.448062
2.67821 0.446979 0.449863 -0.894545 -0.894909 -0.446979 -0.441673
2.68606 0.439939 0.442821 -0.898028 -0.898353 -0.439939 -0.435292
2.69392 0.432873 0.435752 -0.901455 -0.901747 -0.432873 -0.428917
2.70177 0.425779 0.428656 -0.904827 -0.90509 -0.425779 -0.422546
2.70962 0.41866 0.421535 -0.908143 -0.908384 -0.41866 -0.416178
2.71748 0.411514 0.414387 -0.911403 -0.911628 -0.411514 -0.40981
2.72533 0.404344 0.407215 -0.914607 -0.914821 -0.404344 -0.403441
2.73319 0.397148 0.400018 -0.917755 -0.917965 -0.397148 -0.397069
2.74104 0.389928 0.392796 -0.920845 -0.921058 -0.389928 -0.390692
2.74889 0.382683 0.38555 -0.92388 -0.924102 -0.382683 -0.384307
2.75675 0.375416 0.37828 -0.926857 -0.927095 -0.375416 -0.377911
2.7646 0.368125 0.370987 -0.929776 -0.930038 -0.368125 -0.371502
2.77246 0.360811 0.363671 -0.932639 -0.93293 -0.360811 -0.365077
2.78031 0.353475 0.356333 -0.935444 -0.935772 -0.353475 -0.358633
2.78816 0.346117 0.348972 -0.938191 -0.938564 -0.346117 -0.352166
2.79602 0.338738 0.34159 -0.940881 -0.941304 -0.338738 -0.345674
2.80387 0.331338 0.334186 -0.943512 -0.943994 -0.331338 -0.339153
2.81173 0.323917 0.326762 -0.946085 -0.946632 -0.323917 -0.332599
2.81958 0.316477 0.319317 -0.9486 -0.949218 -0.316477 -0.326008
2.82743 0.309017 0.311852 -0.951057 -0.951752 -0.309017 -0.319378
2.83529 0.301538 0.304367 -0.953454 -0.954235 -0.301538 -0.312703
2.84314 0.29404 0.296863 -0.955793 -0.956664 -0.29404 -0.30598
2.851 0.286525 0.28934 -0.958073 -0.959041 -0.286525 -0.299205
2.85885 0.278991 0.281798 -0.960294 -0.961364 -0.278991 -0.292373
2.8667 0.27144 0.274239 -0.962455 -0.963633 -0.27144 -0.28548
2.87456 0.263873 0.266662 -0.964557 -0.965848 -0.263873 -0.278522
2.88241 0.256289 0.259068 -0.9666 -0.968008 -0.256289 -0.271493
2.89027 0.24869 0.251457 -0.968583 -0.970112 -0.24869 -0.26439
2.89812 0.241075 0.243829 -0.970506 -0.972161 -0.241075 -0.257207
2.90597 0.233445 0.236186 -0.97237 -0.974152 -0.233445 -0.249941
2.91383 0.225801 0.228527 -0.974173 -0.976087 -0.225801 -0.242585
2.92168 0.218143 0.220854 -0.975917 -0.977963 -0.218143 -0.235135
2.92954 0.210472 0.213166 -0.9776 -0.97978 -0.210472 -0.227587
2.93739 0.202787 0.205464 -0.979223 -0.981537 -0.202787 -0.219934
2.94524 0.19509 0.197748 -0.980785 -0.983234 -0.19509 -0.212174
2.9531 0.187381 0.190019 -0.982287 -0.98487 -0.187381 -0.204299
2.96095 0.179661 0.182278 -0.983729 -0.986443 -0.179661 -0.196306
2.96881 0.171929 0.174524 -0.985109 -0.987953 -0.171929 -0.188188
2.97666 0.164187 0.166759 -0.986429 -0.989399 -0.164187 -0.179943
2.98451 0.156434 0.158983 -0.987688 -0.990779 -0.156434 -0.171563
2.99237 0.148672 0.151196 -0.988886 -0.992093 -0.148672 -0.163045
3.00022 0.140901 0.1434 -0.990024 -0.99334 -0.140901 -0.154383
3.00807 0.133121 0.135593 -0.9911 -0.994518 -0.133121 -0.145573
3.01593 0.125333 0.127778 -0.992115 -0.995626 -0.125333 -0.13661
3.02378 0.117537 0.119954 -0.993068 -0.996664 -0.117537 -0.127488
3.03164 0.109734 0.112123 -0.993961 -0.997628 -0.109734 -0.118204
3.03949 0.101924 0.104284 -0.994792 -0.99852 -0.101924 -0.108753
3.04734 0.0941083 0.096438 -0.995562 -0.999336 -0.0941083 -0.0991295
3.0552 0.0862864 0.0885863 -0.99627 -1.00008 -0.0862864 -0.0893299
3.06305 0.0784591 0.0807291 -0.996917 -1.00074 -0.0784591 -0.0793499
3.07091 0.070627 0.0728669 -0.997503 -1.00132 -0.070627 -0.0691851
3.07876 0.0627905 0.0650005 -0.998027 -1.00183 -0.0627905 -0.0588315
3.08661 0.0549502 0.0571305 -0.998489 -1.00225 -0.0549502 -0.0482851
3.09447 0.0471065 0.0492575 -0.99889 -1.00258 -0.0471065 -0.0375423
3.10232 0.0392598 0.0413822 -0.999229 -1.00284 -0.0392598 -0.0265994
3.11018 0.0314108 0.0335052 -0.999507 -1.003 -0.0314108 -0.0154528
3.11803 0.0235598 0.0256273 -0.999722 -1.00308 -0.0235598 -0.0040994
3.12588 0.0157073 0.0177492 -0.999877 -1.00306 -0.0157073 0.00746399
3.13374 0.0078539 0.00987146 -0.999969 -1.00296 -0.0078539 0.0192403
3.14159 1.22465e-16 0.00199495 -1 -1.00276 -1.22465e-16 0.0312322
